1	28698	21234	32725	415	218	-1	-1	445	294	18.86 
1	28751	21275	32725	419	219	-1	-1	441	298	18.71 
1	28805	21279	32725	416	218	-1	-1	439	300	18.50 
1	28858	21274	32725	420	218	-1	-1	445	294	18.29 
1	28911	21272	32725	421	197	-1	-1	442	297	18.08 
1	28965	21274	32725	419	209	-1	-1	446	294	17.86 
1	29019	21271	32725	414	224	-1	-1	442	297	17.72 
1	29072	21273	32725	420	217	-1	-1	439	300	17.51 
1	29125	21268	32725	415	213	-1	-1	442	297	17.37 
1	29178	21259	32725	420	208	-1	-1	444	295	17.08 
1	29233	21269	32725	418	219	-1	-1	441	298	16.94 
1	29286	21225	32725	414	219	-1	-1	444	294	16.73 
1	29339	21227	32725	415	211	-1	-1	447	291	16.66 
1	29392	21231	32725	418	205	-1	-1	434	304	16.52 
1	29446	21273	32725	413	214	-1	-1	442	298	16.30 
1	29499	21267	32725	417	211	-1	-1	444	295	16.16 
1	29553	21269	32725	418	210	-1	-1	438	301	16.02 
1	29606	21269	32725	413	224	-1	-1	442	297	15.88 
1	29660	21271	32725	416	218	-1	-1	440	298	15.74 
1	29713	21257	32725	416	218	-1	-1	438	299	15.60 
1	29766	21225	32725	417	211	-1	-1	444	294	15.45 
1	29820	21267	32725	422	215	-1	-1	442	296	15.38 
1	29874	21263	32725	420	213	-1	-1	445	294	15.24 
1	29927	21262	32725	417	219	-1	-1	441	300	15.10 
1	29980	21262	32725	419	219	-1	-1	441	298	14.96 
1	30033	21260	32725	415	223	-1	-1	445	294	14.89 
1	30088	21258	32725	416	222	-1	-1	445	294	14.74 
1	30141	21257	32725	416	221	-1	-1	445	293	14.67 
1	30194	21256	32725	417	220	-1	-1	445	294	14.53 
1	30247	21255	32725	415	223	-1	-1	442	297	14.46 
1	30301	21277	32725	416	222	-1	-1	438	301	14.32 
1	30355	21271	32725	419	219	-1	-1	439	300	14.25 
1	30408	21272	32725	419	219	-1	-1	439	300	14.11 
1	30461	21268	32725	417	221	-1	-1	445	294	14.04 
1	30515	21269	32725	418	218	-1	-1	445	294	13.97 
1	30568	21274	32725	417	220	-1	-1	442	297	13.89 
1	30622	21266	32725	421	216	-1	-1	442	297	13.75 
1	30675	21209	32725	417	217	-1	-1	444	294	13.75 
1	30729	21265	32725	418	210	-1	-1	441	298	13.61 
1	30782	21265	32725	420	218	-1	-1	442	298	13.54 
1	30835	21257	32725	415	219	-1	-1	442	298	13.47 
1	30889	21264	32725	418	215	-1	-1	438	301	13.40 
1	30943	21273	32725	417	219	-1	-1	445	294	13.33 
1	30996	21279	32725	417	221	-1	-1	445	294	13.26 
1	31049	21277	32725	421	207	-1	-1	438	300	13.19 
1	31102	21260	32725	418	220	-1	-1	444	295	13.11 
1	31157	21262	32725	416	221	-1	-1	441	298	13.11 
1	31210	21268	32725	422	211	-1	-1	441	298	13.04 
1	31263	21264	32725	418	219	-1	-1	445	294	12.97 
1	31316	21258	32725	416	203	-1	-1	438	300	12.90 
1	31370	21249	32725	422	211	-1	-1	441	298	12.83 
1	31424	21246	32725	415	223	-1	-1	445	293	12.83 
1	31477	21250	32725	420	208	-1	-1	445	294	12.76 
1	31531	21250	32725	417	211	-1	-1	445	294	12.62 
1	31584	21237	32725	419	214	-1	-1	442	297	12.62 
1	31637	21264	32725	420	217	-1	-1	445	293	12.55 
1	31691	21243	32725	412	216	-1	-1	441	297	12.55 
1	31745	21249	32725	415	218	-1	-1	445	294	12.48 
1	31798	21242	32725	418	219	-1	-1	440	299	12.41 
1	31851	21256	32725	417	211	-1	-1	445	294	12.33 
1	31904	21243	32725	418	215	-1	-1	443	295	12.26 
1	31959	21239	32725	416	221	-1	-1	444	294	12.12 
1	32012	21204	32725	412	220	-1	-1	447	292	12.05 
1	32065	21216	32725	418	214	-1	-1	446	292	11.98 
1	32118	21253	32725	417	216	-1	-1	438	300	11.98 
1	32172	21246	32725	418	200	-1	-1	441	298	11.98 
1	32226	21256	32725	416	222	-1	-1	438	300	11.98 
1	32279	21248	32725	414	214	-1	-1	445	294	12.05 
1	32332	21242	32725	418	215	-1	-1	439	300	12.12 
1	32386	21251	32725	418	219	-1	-1	438	299	12.19 
1	32439	21228	32725	419	214	-1	-1	438	301	12.12 
1	32492	21246	32725	417	216	-1	-1	445	294	12.12 
1	32546	21244	32725	415	222	-1	-1	439	300	11.98 
1	32600	21243	32725	417	220	-1	-1	445	293	11.91 
1	32653	21244	32725	412	223	-1	-1	431	305	11.98 
1	32706	21241	32725	420	208	-1	-1	445	293	12.05 
1	32759	21242	32725	414	221	-1	-1	435	303	11.98 
1	32814	21232	32725	415	218	-1	-1	441	297	11.91 
1	32867	21246	32725	415	219	-1	-1	438	300	11.91 
1	32920	21235	32725	416	217	-1	-1	437	301	11.98 
1	32973	21241	32725	413	220	-1	-1	436	302	11.91 
1	33027	21245	32725	415	218	-1	-1	442	297	11.91 
1	33081	21240	32725	417	206	-1	-1	441	297	11.91 
1	33134	21225	32725	415	212	-1	-1	445	294	11.91 
1	33187	21242	32725	417	211	-1	-1	438	301	11.91 
1	33241	21226	32725	419	217	-1	-1	441	298	11.84 
1	33294	21241	32725	417	220	-1	-1	438	301	11.84 
1	33348	21236	32725	418	215	-1	-1	441	298	11.77 
1	33401	21196	32725	414	218	-1	-1	440	297	11.77 
1	33455	21196	32725	421	212	-1	-1	441	297	11.77 
1	33508	21231	32725	415	213	-1	-1	444	294	11.77 
1	33561	21223	32725	418	215	-1	-1	441	297	11.77 
1	33615	21240	32725	414	219	-1	-1	442	297	11.70 
1	33669	21234	32725	419	214	-1	-1	442	297	11.70 
1	33722	21229	32725	417	218	-1	-1	445	293	11.70 
1	33775	21226	32725	420	215	-1	-1	437	300	11.70 
1	33828	21217	32725	418	215	-1	-1	438	300	11.70 
1	33883	21226	32725	418	209	-1	-1	445	293	11.70 
1	33936	21226	32725	420	213	-1	-1	442	295	11.70 
1	33989	21229	32725	416	217	-1	-1	441	297	11.63 
1	34042	21233	32725	418	205	-1	-1	438	300	11.63 
1	34096	21235	32725	418	214	-1	-1	438	300	11.63 
1	34150	21233	32725	417	216	-1	-1	441	297	11.63 
1	34203	21234	32725	419	214	-1	-1	441	297	11.63 
1	34256	21228	32725	418	216	-1	-1	443	295	11.70 
1	34310	21229	32725	418	209	-1	-1	444	294	11.63 
1	34363	21224	32725	416	217	-1	-1	438	301	11.63 
1	34417	21223	32725	420	217	-1	-1	443	294	11.63 
1	34470	21231	32725	418	215	-1	-1	441	297	11.63 
1	34524	21240	32725	415	218	-1	-1	438	301	11.63 
1	34577	21225	32725	419	213	-1	-1	441	296	11.63 
1	34630	21227	32725	419	214	-1	-1	445	293	11.63 
1	34684	21236	32725	415	219	-1	-1	445	293	11.55 
1	34738	21186	32725	420	203	-1	-1	444	293	11.55 
1	34791	21168	32725	415	218	-1	-1	444	294	11.55 
1	34844	21208	32725	416	217	-1	-1	445	293	11.55 
1	34897	21218	32725	416	217	-1	-1	441	297	11.55 
1	34952	21211	32725	413	220	-1	-1	441	297	11.55 
1	35005	21204	32725	420	207	-1	-1	441	296	11.55 
1	35058	21223	32725	418	215	-1	-1	443	295	11.48 
1	35111	21218	32725	415	218	-1	-1	434	304	11.48 
1	35165	21223	32725	418	215	-1	-1	442	297	11.55 
1	35219	21218	32725	418	215	-1	-1	441	297	11.48 
1	35272	21225	32725	422	211	-1	-1	445	293	11.55 
1	35325	21227	32725	418	209	-1	-1	440	298	11.55 
1	35379	21220	32725	416	217	-1	-1	441	296	11.48 
1	35432	21214	32725	418	214	-1	-1	442	294	11.48 
1	35486	21224	32725	415	219	-1	-1	441	297	11.48 
1	35539	21221	32725	421	207	-1	-1	437	300	11.48 
1	35593	21212	32725	418	214	-1	-1	444	293	11.48 
1	35646	21204	32725	419	214	-1	-1	441	296	11.48 
1	35699	21208	32725	415	218	-1	-1	441	296	11.41 
1	35752	21217	32725	415	208	-1	-1	444	293	11.48 
1	35807	21205	32725	417	215	-1	-1	441	296	11.48 
1	35860	21212	32725	420	212	-1	-1	443	294	11.48 
1	35913	21213	32725	421	212	-1	-1	443	294	11.48 
1	35966	21212	32725	416	216	-1	-1	440	297	11.48 
1	36020	21215	32725	415	209	-1	-1	446	291	11.48 
1	36074	21205	32725	414	218	-1	-1	437	301	11.48 
1	36127	21182	32725	418	213	-1	-1	437	300	11.48 
1	36180	21181	32725	421	211	-1	-1	440	296	11.48 
1	36234	21209	32725	419	213	-1	-1	434	303	11.48 
1	36287	21206	32725	418	214	-1	-1	444	293	11.48 
1	36341	21203	32725	416	216	-1	-1	444	294	11.48 
1	36395	21205	32725	419	214	-1	-1	440	297	11.48 
1	36448	21213	32725	416	216	-1	-1	444	293	11.41 
1	36501	21199	32725	416	216	-1	-1	444	293	11.41 
1	36554	21197	32725	413	220	-1	-1	444	293	11.41 
1	36609	21199	32725	417	215	-1	-1	437	300	11.48 
1	36662	21199	32725	416	216	-1	-1	444	293	11.41 
1	36715	21196	32725	413	218	-1	-1	444	293	11.48 
1	36768	21208	32725	414	219	-1	-1	444	293	11.48 
1	36822	21198	32725	414	210	-1	-1	444	294	11.48 
1	36876	21196	32725	417	216	-1	-1	434	303	11.55 
1	36929	21190	32725	415	217	-1	-1	441	296	11.48 
1	36982	21198	32725	413	210	-1	-1	442	295	11.48 
1	37036	21202	32725	412	220	-1	-1	437	301	11.48 
1	37089	21206	32725	418	214	-1	-1	437	300	11.55 
1	37143	21195	32725	416	207	-1	-1	444	293	11.55 
1	37196	21197	32725	415	217	-1	-1	440	297	11.55 
1	37250	21183	32725	419	213	-1	-1	440	297	11.55 
1	37303	21186	32725	419	213	-1	-1	446	291	11.55 
1	37356	21193	32725	416	207	-1	-1	440	295	11.55 
1	37410	21201	32725	421	210	-1	-1	441	296	11.55 
