1	644841	62	42	282	201	17.65 
1	644893	63	41	282	201	16.94 
1	644945	63	41	282	201	17.23 
1	644998	62	42	282	201	18.29 
1	645050	63	41	282	201	19.28 
1	645102	63	41	282	201	19.57 
1	645154	63	41	282	201	18.86 
1	645207	62	42	281	199	17.58 
1	645259	63	41	281	199	16.45 
1	645311	62	41	281	198	16.09 
1	645363	62	41	281	198	16.73 
1	645415	62	41	281	197	17.86 
1	645468	63	40	280	198	18.71 
1	645520	62	41	281	198	18.71 
1	645572	62	41	281	199	17.72 
1	645624	62	41	281	198	16.45 
1	645677	62	41	281	198	15.60 
1	645729	63	40	282	198	15.52 
1	645781	62	41	281	199	16.38 
1	645833	62	41	281	198	17.58 
1	645885	62	41	281	198	18.22 
1	645938	62	41	280	198	17.93 
1	645990	62	41	280	198	16.80 
1	646042	62	40	281	198	15.67 
1	646094	61	39	280	198	15.10 
1	646147	60	38	280	198	15.52 
1	646199	60	37	281	198	16.66 
1	646251	59	38	281	198	17.65 
1	646303	59	38	281	198	18.01 
1	646355	60	37	280	198	17.44 
1	646408	59	37	281	197	16.45 
1	646460	59	36	280	197	15.38 
1	646512	58	36	280	196	14.96 
1	646564	59	37	280	194	15.60 
1	646617	60	38	280	197	16.66 
1	646669	60	37	280	196	17.44 
1	646721	60	37	280	193	17.51 
1	646773	60	38	280	193	16.66 
1	646825	60	37	277	195	15.45 
1	646878	60	37	276	194	14.60 
1	646929	60	37	276	194	14.60 
1	646981	59	37	277	196	15.45 
1	647033	59	37	280	195	16.59 
1	647086	58	36	281	198	17.23 
1	647138	58	35	283	200	17.01 
1	647190	58	34	283	200	15.95 
1	647242	58	33	284	201	14.74 
1	647294	58	33	284	201	14.11 
1	647347	58	34	285	201	14.46 
1	647399	58	33	285	200	15.45 
1	647451	60	31	285	201	16.45 
1	647503	58	34	285	201	16.87 
1	647556	58	34	284	200	16.30 
1	647608	58	34	282	201	15.17 
1	647660	58	34	281	198	14.11 
1	647712	58	34	280	196	13.82 
1	647764	58	35	280	194	14.39 
1	647817	58	35	277	196	15.52 
1	647869	58	34	277	196	16.45 
1	647921	58	35	280	194	16.52 
1	647973	58	35	280	193	15.74 
1	648026	58	35	280	195	14.53 
1	648078	58	34	282	201	13.68 
1	648130	58	35	285	201	13.75 
1	648182	58	35	288	202	14.60 
1	648235	58	36	285	201	15.67 
1	648287	59	35	285	200	16.23 
1	648339	58	36	286	202	16.09 
1	648391	58	36	286	202	15.10 
1	648443	58	36	288	202	13.97 
1	648496	58	36	288	203	13.40 
1	648548	59	36	288	203	13.82 
1	648600	59	35	287	202	14.74 
1	648652	58	36	287	202	15.74 
1	648705	59	36	287	202	16.09 
1	648757	59	37	287	202	15.52 
1	648809	60	38	286	202	14.53 
1	648861	60	38	286	202	13.54 
1	648913	61	38	285	202	13.33 
1	648966	61	39	285	202	13.89 
1	649018	61	39	284	201	14.96 
1	649070	61	39	283	200	15.81 
1	649122	61	39	283	200	15.95 
1	649175	61	39	281	198	15.24 
1	649227	61	37	281	198	14.11 
1	649279	61	38	281	199	13.33 
1	649331	61	38	281	198	13.33 
1	649383	60	38	281	198	14.11 
1	649436	60	38	282	198	15.24 
1	649488	60	37	282	201	15.88 
1	649540	58	37	280	197	15.67 
1	649592	58	37	280	196	14.74 
1	649645	58	36	277	196	13.68 
1	649697	58	36	277	195	13.11 
1	649749	58	35	276	195	13.47 
1	649801	58	34	276	194	14.39 
1	649853	58	34	276	194	15.38 
1	649906	58	34	275	193	15.74 
1	649958	58	34	274	194	15.31 
1	650010	58	34	274	193	14.25 
1	650062	58	33	273	193	13.33 
1	650115	58	34	273	192	13.11 
1	650167	58	34	272	192	13.68 
1	650218	58	34	271	192	14.74 
1	650270	58	33	272	191	15.52 
1	650322	58	31	271	191	15.60 
1	650375	58	33	271	191	14.89 
1	650427	58	33	270	192	13.75 
1	650479	58	33	270	192	13.11 
1	650531	58	33	270	192	13.11 
1	650584	58	33	269	190	13.97 
1	650636	58	34	268	188	14.96 
1	650688	58	35	266	188	15.52 
1	650740	58	35	270	192	15.24 
1	650792	58	35	273	194	14.39 
1	650845	60	34	275	193	13.40 
1	650897	59	37	275	194	12.97 
1	650949	59	37	274	193	13.33 
1	651001	59	38	274	194	14.25 
1	651054	59	38	275	195	15.03 
1	651106	59	37	276	195	15.38 
1	651158	59	37	275	194	14.89 
1	651210	59	37	283	200	14.04 
1	651262	59	37	283	200	13.11 
1	651315	59	37	281	199	12.90 
1	651367	59	37	282	201	13.47 
1	651419	59	37	283	201	14.46 
1	651471	59	37	286	202	15.31 
1	651524	59	37	288	203	15.38 
1	651576	60	37	288	203	14.67 
1	651628	60	38	286	202	13.61 
1	651680	61	38	286	202	12.83 
1	651732	61	39	284	201	12.90 
1	651785	61	40	280	196	13.82 
1	651837	60	40	274	194	14.89 
1	651889	60	39	276	194	15.38 
1	651941	60	39	273	192	15.24 
1	651994	61	39	277	196	14.32 
1	652046	60	39	277	196	13.33 
1	652098	61	39	277	196	12.90 
1	652150	61	40	280	197	13.33 
1	652203	62	40	281	199	14.25 
1	652255	62	40	283	200	15.24 
1	652307	61	41	283	200	15.52 
1	652359	60	39	284	199	14.96 
1	652411	61	39	280	198	13.97 
1	652464	60	39	282	201	13.11 
1	652516	60	39	283	200	12.97 
1	652568	60	39	282	201	13.54 
1	652620	59	38	281	199	14.67 
1	652673	58	37	282	198	15.45 
1	652725	58	37	282	198	15.45 
1	652777	58	36	280	197	14.74 
1	652829	58	35	280	195	13.61 
1	652881	57	33	280	194	12.90 
1	652934	58	33	280	196	13.04 
1	652986	58	33	280	197	13.89 
1	653038	59	37	280	196	14.96 
1	653090	59	38	280	195	15.52 
1	653143	60	38	280	196	15.24 
1	653195	59	38	280	195	14.39 
1	653247	59	37	275	194	13.33 
1	653299	58	37	272	192	12.83 
1	653351	58	37	270	192	13.26 
1	653404	58	37	267	188	14.18 
1	653456	58	37	265	187	15.17 
1	653508	58	37	267	189	15.45 
1	653560	58	38	269	189	14.96 
1	653612	59	37	272	192	13.89 
1	653664	58	38	271	191	13.04 
1	653716	59	38	274	194	12.83 
1	653768	59	38	277	195	13.54 
1	653820	60	39	276	194	14.60 
1	653873	61	38	276	194	15.38 
1	653925	60	38	275	194	15.38 
1	653977	60	39	275	194	14.60 
1	654029	60	39	274	194	13.54 
1	654082	61	38	275	194	12.83 
1	654134	60	37	277	196	12.97 
1	654186	60	38	282	201	13.82 
1	654238	60	38	283	200	14.89 
1	654290	60	40	284	200	15.45 
1	654343	60	39	284	199	15.17 
1	654395	58	36	282	198	14.18 
1	654447	58	34	281	198	13.19 
1	654499	58	32	281	199	12.76 
1	654552	58	31	280	198	13.19 
1	654604	54	33	280	197	14.11 
1	654656	53	32	280	198	15.10 
1	654708	53	32	283	200	15.45 
1	654760	52	33	284	200	14.89 
1	654813	51	35	285	201	13.82 
1	654865	51	35	285	201	12.97 
1	654917	51	34	286	202	12.83 
1	654969	51	31	285	201	13.47 
1	655022	51	33	285	201	14.53 
1	655074	51	33	285	200	15.38 
1	655126	52	32	285	201	15.38 
1	655178	58	32	288	203	14.67 
1	655230	60	40	288	203	13.54 
1	655283	60	40	288	203	12.83 
1	655335	60	39	288	203	12.83 
1	655387	58	37	287	203	13.75 
1	655439	58	35	288	203	14.82 
1	655492	58	34	288	204	15.45 
1	655544	58	32	288	204	15.17 
1	655596	53	32	288	203	14.25 
1	655648	51	33	288	203	13.19 
1	655700	51	31	289	203	12.76 
1	655753	50	30	290	203	13.11 
1	655805	50	30	290	204	14.04 
1	655857	52	28	289	203	15.10 
1	655909	52	27	288	203	15.45 
1	655962	50	30	289	203	14.96 
1	656014	50	29	289	203	13.89 
1	656066	50	29	288	203	12.97 
1	656118	50	30	287	202	12.76 
1	656171	52	32	289	203	13.40 
1	656223	54	34	289	203	14.39 
1	656275	59	38	289	204	15.24 
1	656327	60	38	289	204	15.31 
1	656379	62	36	288	204	14.60 
1	656432	59	38	289	204	13.54 
1	656484	59	36	288	203	12.76 
1	656536	58	37	288	203	12.90 
1	656588	58	36	288	203	13.68 
1	656641	58	36	288	203	14.82 
1	656692	59	36	289	204	15.38 
1	656744	58	37	289	204	15.17 
1	656796	58	37	288	204	14.32 
1	656848	58	37	289	203	13.26 
1	656901	58	36	289	203	12.76 
1	656953	58	36	289	204	13.04 
1	657005	58	36	290	204	14.04 
1	657057	59	36	289	204	15.03 
1	657110	59	37	289	204	15.38 
1	657162	59	37	289	204	14.96 
1	657214	60	37	289	204	13.89 
1	657266	60	38	289	203	12.97 
1	657318	60	38	291	206	12.76 
1	657371	58	31	291	205	13.33 
1	657423	54	34	290	205	14.39 
1	657475	54	34	291	205	15.24 
1	657527	54	34	292	206	15.38 
1	657580	58	34	293	207	14.60 
1	657632	59	37	292	206	13.54 
1	657684	62	40	294	207	12.83 
1	657736	62	41	294	207	12.83 
1	657788	62	41	292	206	13.61 
1	657841	65	38	292	205	14.74 
1	657893	61	41	291	205	15.31 
1	657945	58	37	292	206	15.17 
1	657997	58	33	292	205	14.32 
1	658050	54	34	292	206	13.19 
1	658102	54	34	293	206	12.69 
1	658154	58	32	292	205	13.04 
1	658206	58	36	290	205	13.97 
1	658258	61	40	292	207	14.96 
1	658311	62	41	293	206	15.38 
1	658363	62	41	291	205	14.89 
1	658415	62	41	290	205	13.89 
1	658467	59	38	288	203	12.97 
1	658520	58	36	287	202	12.69 
1	658572	58	32	287	201	13.26 
1	658624	54	32	285	201	14.32 
1	658676	53	34	284	200	15.24 
1	658728	53	33	285	202	15.31 
1	658781	55	31	286	201	14.67 
1	658833	53	33	287	201	13.61 
1	658885	53	33	288	203	12.83 
1	658937	53	32	289	203	12.76 
1	658990	53	32	289	204	13.61 
1	659042	53	33	289	205	14.67 
1	659094	55	30	289	203	15.31 
1	659146	52	33	287	202	15.17 
1	659198	52	33	286	202	14.32 
1	659251	52	33	289	204	13.26 
1	659303	53	33	291	204	12.69 
1	659355	53	33	291	205	12.97 
1	659407	53	33	291	206	13.89 
1	659460	55	31	290	204	14.89 
1	659512	53	33	291	204	15.31 
1	659564	53	33	287	202	14.96 
1	659616	54	34	287	202	13.97 
1	659668	58	33	288	203	12.97 
1	659721	58	38	291	205	12.69 
1	659773	62	40	294	210	13.19 
1	659825	64	41	297	210	14.25 
1	659877	65	42	302	212	15.10 
1	659929	65	48	303	214	15.24 
1	659981	66	47	305	214	14.53 
1	660033	68	46	309	219	13.54 
1	660085	67	47	308	217	12.76 
1	660137	67	47	308	218	12.76 
1	660190	67	45	309	218	13.47 
1	660242	65	42	305	215	14.53 
1	660294	65	41	300	212	15.24 
1	660346	64	40	296	208	15.17 
1	660399	63	40	289	204	14.32 
1	660451	64	40	287	202	13.19 
1	660503	64	37	291	204	12.62 
1	660555	63	40	304	214	12.90 
1	660608	64	40	311	220	13.75 
1	660660	65	40	310	219	14.82 
1	660712	64	39	310	219	14.96 
1	660764	64	39	311	219	14.67 
1	660816	61	37	317	223	13.75 
1	660869	60	34	316	223	12.76 
1	660921	60	34	316	223	12.55 
1	660973	60	34	316	222	13.26 
1	661025	59	34	316	223	14.39 
1	661078	59	34	316	222	15.38 
1	661130	60	33	316	223	15.60 
1	661182	59	33	320	221	14.89 
1	661234	59	33	320	222	13.75 
1	661286	59	33	320	221	12.83 
1	661339	59	32	317	224	12.76 
1	661391	59	32	317	223	13.54 
1	661443	59	33	314	220	14.74 
1	661495	60	33	304	214	15.52 
1	661548	60	33	303	214	15.45 
1	661600	60	33	303	213	14.53 
1	661652	60	32	302	213	13.33 
1	661704	60	32	305	215	12.62 
1	661756	59	33	320	223	12.69 
1	661809	60	32	320	226	13.82 
1	661861	59	33	322	227	14.89 
1	661913	60	34	324	228	15.52 
1	661965	61	35	324	229	15.17 
1	662018	62	35	323	228	14.11 
1	662070	61	34	324	228	12.90 
1	662122	60	34	324	229	12.41 
1	662174	61	34	324	228	12.97 
1	662226	61	35	324	228	14.11 
1	662279	61	35	324	228	15.17 
1	662331	60	34	324	228	15.45 
1	662383	60	33	324	228	14.89 
1	662435	59	33	323	228	13.75 
1	662488	59	32	322	227	12.83 
1	662540	59	32	323	227	12.62 
1	662592	58	32	323	227	13.40 
1	662644	59	32	327	229	14.60 
1	662696	59	32	329	230	15.45 
1	662749	60	32	329	232	15.38 
1	662801	62	31	328	230	14.53 
1	662853	60	33	324	228	13.33 
1	662905	61	33	324	227	12.69 
1	662958	62	33	324	227	12.76 
1	663010	62	32	315	222	13.68 
1	663062	62	33	302	212	14.82 
1	663114	62	34	306	215	15.45 
1	663165	63	34	312	219	15.10 
1	663218	63	33	317	223	14.04 
1	663270	63	34	314	220	12.97 
1	663322	62	34	309	218	12.55 
1	663374	63	34	306	214	12.97 
1	663427	62	34	300	210	14.04 
1	663479	63	34	292	205	15.10 
1	663531	63	34	292	204	15.45 
1	663583	63	34	294	206	14.82 
1	663635	64	34	301	211	13.68 
1	663688	62	34	322	227	12.83 
1	663740	61	34	334	235	12.41 
1	663792	60	32	332	235	13.11 
1	663844	61	33	335	235	14.18 
1	663897	64	37	332	235	15.03 
1	663949	67	41	333	236	15.03 
1	664001	68	41	333	234	14.18 
1	664053	68	42	331	236	12.97 
1	664105	68	45	332	235	12.33 
1	664158	68	42	333	235	12.62 
1	664210	68	42	334	235	13.54 
1	664262	68	45	334	235	14.82 
1	664314	68	47	330	233	15.45 
1	664367	67	46	331	233	15.24 
1	664419	67	39	330	233	14.25 
1	664471	67	41	327	231	13.11 
1	664523	67	41	327	230	12.69 
1	664576	66	41	322	227	13.11 
1	664628	66	41	320	226	14.18 
1	664680	67	41	321	227	15.10 
1	664732	67	41	320	226	15.45 
1	664784	66	40	320	226	14.82 
1	664837	66	40	320	226	13.82 
1	664889	67	40	320	226	12.97 
1	664941	66	41	317	223	12.83 
1	664993	63	39	314	221	13.47 
1	665046	63	38	312	219	14.46 
1	665098	62	38	312	221	15.24 
1	665150	61	38	312	220	15.24 
1	665202	61	38	312	220	14.53 
1	665254	61	37	313	220	13.47 
1	665307	61	37	312	220	12.83 
1	665359	60	37	311	218	12.90 
1	665411	60	38	308	217	13.75 
1	665463	60	38	306	216	14.74 
1	665516	60	37	306	216	15.31 
1	665568	60	38	306	215	15.10 
1	665620	61	37	306	218	14.18 
1	665672	60	37	306	215	13.19 
1	665724	60	37	306	215	12.76 
1	665777	60	37	306	216	13.11 
1	665829	60	37	305	215	14.11 
1	665881	60	37	304	214	15.03 
1	665933	61	38	300	208	15.31 
1	665986	63	38	285	201	14.82 
1	666038	63	38	287	203	13.75 
1	666090	65	39	295	209	12.90 
1	666142	65	40	300	209	12.76 
1	666194	65	38	301	211	13.40 
1	666247	66	39	300	212	14.32 
1	666299	65	40	301	211	15.17 
1	666351	66	40	301	212	15.24 
1	666402	66	40	301	212	14.46 
1	666455	66	41	300	211	13.40 
1	666507	65	40	302	214	12.76 
1	666559	62	38	303	214	12.90 
1	666611	62	37	303	213	13.68 
1	666663	61	37	300	212	14.74 
1	666716	61	37	300	210	15.31 
1	666768	61	37	300	209	15.10 
1	666820	61	38	300	208	14.18 
1	666872	62	38	300	211	13.19 
1	666925	64	39	296	209	12.76 
1	666977	64	40	293	206	13.11 
1	667029	66	40	295	209	14.04 
1	667081	66	40	296	208	15.03 
1	667133	66	41	294	210	15.24 
1	667186	67	40	290	204	14.74 
1	667238	64	40	290	204	13.82 
1	667290	63	38	292	206	12.97 
1	667342	61	38	290	204	12.76 
1	667395	61	37	292	206	13.40 
1	667447	61	37	291	206	14.39 
1	667499	61	38	290	203	15.17 
1	667551	62	38	287	201	15.24 
1	667603	64	39	287	202	14.53 
1	667656	64	40	289	204	13.47 
1	667708	65	40	289	204	12.69 
1	667760	65	40	292	205	12.90 
1	667812	67	40	293	206	13.68 
1	667865	67	40	292	206	14.74 
1	667917	67	41	291	204	15.31 
1	667969	67	38	287	203	15.10 
1	668021	64	40	284	200	14.25 
1	668073	64	39	284	199	13.26 
1	668126	63	38	284	199	12.76 
1	668178	63	38	283	200	13.11 
1	668230	62	38	283	200	13.97 
1	668282	62	38	284	200	14.96 
1	668335	62	38	284	201	15.38 
1	668387	62	38	284	201	14.82 
1	668439	62	38	282	201	13.89 
1	668491	63	38	282	201	12.97 
1	668544	64	40	283	200	12.76 
1	668596	65	40	286	201	13.33 
1	668648	65	40	280	195	14.39 
1	668700	65	41	283	200	15.17 
1	668752	66	40	287	201	15.31 
1	668805	67	40	288	203	14.60 
1	668857	67	41	290	205	13.54 
1	668909	64	40	295	209	12.83 
1	668961	62	38	296	209	12.90 
1	669014	61	38	296	209	13.68 
1	669066	60	38	296	208	14.67 
1	669118	61	37	296	208	15.31 
1	669170	61	36	295	209	15.17 
1	669222	64	39	288	202	14.32 
1	669275	66	40	283	200	13.26 
1	669327	67	40	280	197	12.76 
1	669379	67	41	271	191	13.11 
1	669431	67	42	273	192	13.97 
1	669484	69	39	280	196	14.96 
1	669535	66	41	288	203	15.31 
1	669587	66	41	292	205	14.89 
1	669639	66	40	296	208	13.89 
1	669691	64	40	295	209	12.97 
1	669744	64	39	287	202	12.76 
1	669796	64	40	284	201	13.26 
1	669848	64	39	285	201	14.32 
1	669900	65	39	285	201	15.17 
1	669953	65	39	282	201	15.24 
1	670005	65	40	283	200	14.60 
1	670057	66	40	284	200	13.54 
1	670109	66	40	284	200	12.76 
1	670161	66	40	284	200	12.83 
1	670214	66	40	283	200	13.61 
1	670266	66	38	283	200	14.67 
1	670318	65	40	281	197	15.31 
1	670370	66	40	280	194	15.10 
1	670423	65	41	271	191	14.18 
1	670475	65	41	274	194	13.19 
1	670527	65	41	276	194	12.69 
1	670579	66	41	280	195	13.04 
1	670631	65	40	283	200	13.97 
1	670684	67	37	282	201	14.96 
1	670736	66	40	284	199	15.31 
1	670788	67	41	283	200	14.89 
1	670840	67	40	277	195	13.89 
1	670893	66	41	273	192	12.97 
1	670945	67	40	275	195	12.69 
1	670997	66	42	282	198	13.26 
1	671049	67	41	287	202	14.32 
1	671101	67	40	291	205	15.17 
1	671154	64	39	293	206	15.24 
1	671206	62	39	293	205	14.60 
1	671258	62	37	292	205	13.54 
1	671310	61	38	291	205	12.83 
1	671363	64	35	288	203	12.76 
1	671415	61	38	289	203	13.54 
1	671467	61	38	288	203	14.60 
1	671519	61	37	288	202	15.31 
1	671571	61	37	287	203	15.17 
1	671624	61	37	287	203	14.32 
1	671676	61	37	288	203	13.26 
1	671728	61	37	287	203	12.69 
1	671780	61	37	286	201	12.97 
1	671833	61	37	285	200	13.75 
1	671885	61	38	284	200	14.89 
1	671937	61	37	283	200	15.31 
1	671989	61	38	283	200	14.89 
1	672041	61	38	284	199	13.89 
1	672094	63	38	282	200	12.97 
1	672146	63	39	276	194	12.69 
1	672198	64	39	283	200	13.19 
1	672250	65	39	287	203	14.25 
1	672303	66	40	290	204	15.10 
1	672355	66	41	289	204	15.24 
1	672407	66	41	286	201	14.60 
1	672459	67	40	285	200	13.54 
1	672512	67	41	283	200	12.76 
1	672564	67	40	281	198	12.76 
1	672616	62	38	280	196	13.54 
1	672668	61	38	275	194	14.60 
1	672720	62	37	274	192	15.24 
1	672772	61	38	269	190	15.17 
1	672824	61	38	268	188	14.32 
1	672876	61	38	266	187	13.26 
1	672928	62	38	267	187	12.69 
1	672980	62	38	270	192	12.90 
1	673033	63	40	274	193	13.89 
1	673085	65	40	275	194	14.82 
1	673137	66	40	290	204	15.17 
1	673189	67	40	300	207	14.60 
1	673242	67	41	302	214	13.26 
1	673294	67	41	310	218	12.26 
1	673346	70	39	329	229	11.55 
1	673398	68	45	324	228	11.91 
1	673451	68	45	325	230	13.04 
1	673503	68	41	325	229	13.89 
1	673555	66	40	325	229	14.11 
1	673607	66	39	326	229	13.47 
1	673659	67	37	326	230	12.26 
1	673712	69	45	326	229	11.41 
1	673764	70	45	326	230	11.41 
1	673816	71	46	326	230	12.33 
1	673868	71	46	326	230	13.68 
1	673921	71	46	326	230	14.53 
1	673973	71	46	325	230	14.53 
1	674025	72	45	326	229	13.61 
1	674077	71	46	326	230	12.41 
1	674129	71	46	326	230	11.77 
1	674182	72	46	326	230	11.91 
1	674234	71	46	326	230	13.11 
1	674286	71	47	326	229	14.32 
1	674338	72	46	326	229	14.96 
1	674391	72	46	326	229	14.60 
1	674443	72	45	325	229	13.54 
1	674495	70	44	325	228	12.62 
1	674547	67	39	325	228	12.33 
1	674599	66	39	325	229	13.11 
1	674652	69	42	325	229	14.53 
1	674704	69	46	323	228	15.67 
1	674756	69	45	314	221	15.88 
1	674808	71	44	303	214	15.24 
1	674861	73	43	291	204	13.97 
1	674913	74	45	284	200	13.11 
1	674965	75	46	281	197	12.97 
1	675017	77	47	281	197	13.75 
1	675069	77	47	282	201	14.96 
1	675122	77	45	284	201	15.88 
1	675174	76	46	287	202	15.81 
1	675226	75	46	288	203	14.89 
1	675278	74	46	290	203	13.75 
1	675331	73	45	291	206	12.90 
1	675383	71	44	294	207	13.04 
1	675435	70	44	295	209	14.04 
1	675487	70	43	295	209	15.17 
1	675539	69	44	295	209	15.81 
1	675592	69	45	294	207	15.45 
1	675644	68	46	295	209	14.46 
1	675696	70	43	296	209	13.33 
1	675748	69	45	297	209	12.83 
1	675801	68	44	296	210	13.26 
1	675853	68	45	296	209	14.32 
1	675905	67	45	296	208	15.38 
1	675957	68	46	296	208	15.74 
1	676009	69	46	296	208	15.10 
1	676061	69	46	296	209	13.97 
1	676113	70	44	300	208	13.04 
1	676165	75	46	301	212	13.19 
1	676217	82	50	308	217	13.19 
1	676270	78	47	340	237	13.75 
1	676322	73	46	331	236	15.10 
1	676374	75	46	340	235	15.17 
1	676426	74	46	340	236	14.25 
1	676478	73	46	337	238	13.19 
1	676531	73	46	338	237	12.33 
1	676583	73	45	337	237	12.55 
1	676635	73	45	337	238	13.54 
1	676687	72	45	336	237	14.74 
1	676740	72	45	335	237	15.45 
1	676792	72	44	334	236	14.67 
1	676844	73	46	335	236	13.04 
1	676896	74	48	334	235	11.91 
1	676948	74	49	332	235	12.12 
1	677001	75	49	335	236	12.90 
1	677053	74	48	334	236	14.18 
1	677105	74	47	336	237	15.67 
1	677157	72	45	330	232	16.09 
1	677210	69	45	320	226	15.45 
1	677262	68	47	311	218	14.32 
1	677314	69	46	310	218	13.33 
1	677366	70	44	309	218	13.04 
1	677419	70	45	309	217	13.68 
1	677471	70	45	310	219	14.89 
1	677523	71	45	314	221	15.74 
1	677575	71	45	317	223	15.95 
1	677627	72	45	321	226	15.10 
1	677680	72	45	323	228	13.82 
1	677732	72	45	325	230	12.97 
1	677784	71	46	325	229	13.04 
1	677836	73	47	333	234	13.89 
1	677889	74	47	332	235	15.10 
1	677941	73	48	332	235	15.81 
1	677993	73	47	334	236	15.67 
1	678045	70	44	336	237	14.67 
1	678097	70	42	340	238	13.47 
1	678150	72	45	334	236	12.83 
1	678202	72	45	331	235	13.19 
1	678254	70	45	320	226	14.25 
1	678306	68	46	303	214	15.38 
1	678359	66	47	282	198	15.88 
1	678411	65	43	264	186	15.31 
1	678463	65	43	261	184	14.18 
1	678515	66	43	260	183	13.11 
1	678567	69	45	280	194	12.69 
1	678620	72	47	290	205	13.26 
1	678672	74	49	310	219	14.46 
1	678724	75	47	310	218	15.45 
1	678776	73	49	292	207	15.67 
1	678829	72	48	266	187	14.96 
1	678881	70	46	250	176	13.75 
1	678933	69	46	247	174	12.83 
1	678985	69	46	252	178	12.76 
1	679037	70	48	272	191	13.68 
1	679090	74	49	282	201	14.89 
1	679141	76	51	294	207	15.67 
1	679193	77	52	300	212	15.45 
1	679245	77	51	307	218	14.60 
1	679298	77	51	309	218	13.40 
1	679350	76	51	307	218	12.69 
1	679402	75	51	304	215	12.97 
1	679454	75	51	301	213	14.04 
1	679506	75	50	300	211	15.17 
1	679559	75	49	296	209	15.67 
1	679611	75	49	291	206	15.24 
1	679663	74	50	294	207	14.18 
1	679715	75	49	295	209	13.11 
1	679768	75	50	300	208	12.76 
1	679820	75	50	302	213	13.33 
1	679872	75	51	304	215	14.53 
1	679924	75	51	307	218	15.45 
1	679976	76	51	308	217	15.67 
1	680029	76	51	308	218	15.03 
1	680081	76	51	307	218	13.82 
1	680133	76	51	309	218	12.90 
1	680185	76	50	309	217	12.90 
1	680238	75	51	308	218	13.68 
1	680290	75	51	309	218	14.89 
1	680342	75	50	310	218	15.67 
1	680394	75	50	310	219	15.60 
1	680446	75	50	308	217	14.67 
1	680499	75	50	307	218	13.47 
1	680551	74	49	306	219	12.76 
1	680603	74	51	306	219	13.04 
1	680655	74	50	306	216	14.04 
1	680708	74	50	305	216	15.17 
1	680760	74	50	305	215	15.74 
1	680812	74	50	305	214	15.38 
1	680864	74	49	303	214	14.32 
1	680916	74	49	302	214	13.19 
1	680969	74	49	302	213	12.76 
1	681021	73	49	303	215	13.11 
1	681073	72	48	307	218	14.32 
1	681125	71	46	313	221	15.38 
1	681178	70	46	320	222	15.67 
1	681230	69	44	321	227	15.03 
1	681282	63	40	309	218	13.82 
1	681334	60	38	282	198	12.90 
1	681387	59	38	263	185	12.69 
1	681439	60	38	265	186	13.33 
1	681491	62	41	297	209	14.32 
1	681543	65	42	320	222	15.10 
1	681595	65	42	320	225	15.17 
1	681648	64	40	328	230	14.32 
1	681700	64	39	320	226	12.76 
1	681752	65	41	321	225	11.98 
1	681804	68	43	333	235	13.04 
1	681857	68	46	333	234	13.89 
1	681909	66	47	320	225	14.96 
1	681961	65	42	309	218	15.60 
1	682013	65	42	315	222	14.89 
1	682065	67	45	335	237	14.04 
1	682118	67	44	329	232	12.69 
1	682170	68	42	341	240	12.19 
1	682222	69	45	348	246	12.41 
1	682274	70	45	349	245	13.54 
1	682327	72	46	350	247	14.74 
1	682379	74	49	353	249	15.24 
1	682430	74	50	355	250	14.60 
1	682482	74	50	355	249	13.40 
1	682534	75	51	354	250	12.33 
1	682587	76	51	355	250	12.19 
1	682639	75	52	356	253	12.97 
1	682691	76	52	356	253	14.25 
1	682743	76	53	356	253	15.17 
1	682796	77	52	356	253	15.24 
1	682848	77	52	357	252	14.39 
1	682900	77	53	357	252	13.11 
1	682952	77	53	357	252	12.26 
1	683004	77	54	357	252	12.41 
1	683057	78	51	357	252	13.47 
1	683109	78	53	357	252	14.67 
1	683161	78	54	357	252	15.45 
1	683213	78	54	357	252	15.17 
1	683266	78	54	357	252	14.11 
1	683318	79	54	357	252	12.83 
1	683370	78	55	357	252	12.33 
1	683422	78	55	357	252	12.76 
1	683474	79	54	357	252	13.97 
1	683527	79	55	357	252	15.10 
1	683579	78	55	357	252	15.45 
1	683631	79	55	357	252	14.89 
1	683683	79	55	357	252	13.75 
1	683736	79	55	357	252	12.69 
1	683788	80	55	360	249	12.41 
1	683840	79	55	360	250	13.11 
1	683892	79	53	360	249	14.32 
1	683944	79	53	360	250	15.38 
1	683997	79	55	360	250	15.52 
1	684049	79	55	357	252	14.67 
1	684101	79	55	357	252	13.40 
1	684153	79	55	357	252	12.48 
1	684206	79	55	357	252	12.55 
1	684258	79	54	357	252	13.54 
1	684310	79	55	357	252	14.74 
1	684362	78	55	357	252	15.60 
1	684414	79	54	357	252	15.38 
1	684467	79	54	357	252	14.32 
1	684519	79	54	357	252	13.11 
1	684571	78	55	356	253	12.48 
1	684623	78	54	356	253	12.83 
1	684676	78	54	357	252	13.89 
1	684728	78	54	357	252	15.10 
1	684780	78	54	357	252	15.60 
1	684832	78	54	357	252	15.17 
1	684884	78	54	357	252	13.97 
1	684937	78	54	356	253	12.83 
1	684989	78	54	357	252	12.48 
1	685041	78	54	357	252	13.04 
1	685093	78	53	357	252	14.32 
1	685146	78	54	356	253	15.38 
1	685198	78	54	357	252	15.60 
1	685250	78	54	357	252	14.89 
1	685302	78	54	357	252	13.61 
1	685355	78	54	357	252	12.62 
1	685407	78	54	356	253	12.55 
1	685459	78	54	357	252	13.40 
1	685511	78	54	356	253	14.67 
1	685563	78	54	356	253	15.52 
1	685616	78	54	356	253	15.45 
1	685668	78	54	356	253	14.46 
1	685719	78	54	356	253	13.26 
1	685771	78	54	356	253	12.48 
1	685824	79	53	357	252	12.76 
1	685876	78	54	356	253	13.82 
1	685928	78	54	356	253	15.10 
1	685980	78	54	356	253	15.52 
1	686032	78	54	356	253	15.24 
1	686085	78	54	356	253	14.11 
1	686137	78	54	356	253	12.97 
1	686189	77	54	356	253	12.48 
1	686241	78	53	356	250	13.04 
1	686294	78	54	356	253	14.32 
1	686346	77	54	356	253	15.38 
1	686398	77	54	356	253	15.67 
1	686450	77	54	356	250	14.89 
1	686502	77	54	355	251	13.61 
1	686555	77	54	355	251	12.69 
1	686607	77	54	356	250	12.62 
1	686659	78	53	355	253	13.47 
1	686711	78	51	355	251	14.67 
1	686764	77	54	356	250	15.60 
1	686816	78	53	356	250	15.60 
1	686868	78	53	355	251	14.60 
1	686920	77	54	355	251	13.33 
1	686972	77	54	355	251	12.55 
1	687025	78	51	355	250	12.69 
1	687077	77	54	354	250	13.75 
1	687129	78	53	355	250	15.03 
1	687181	77	52	354	250	15.74 
1	687234	78	53	355	249	15.31 
1	687286	78	54	354	250	14.18 
1	687338	77	54	354	250	13.04 
1	687390	77	54	354	250	12.55 
1	687442	78	54	354	250	13.04 
1	687495	78	53	354	250	14.25 
1	687547	78	53	354	250	15.38 
1	687599	78	53	354	250	15.74 
1	687651	78	53	354	250	15.03 
1	687704	77	54	354	250	13.82 
1	687756	78	53	354	250	12.76 
1	687808	77	54	354	250	12.55 
1	687860	77	54	354	250	13.33 
1	687912	78	54	355	251	14.67 
1	687965	81	55	360	255	15.67 
1	688017	87	57	364	257	15.67 
1	688069	88	59	367	259	14.82 
1	688121	93	61	369	261	13.54 
1	688174	98	64	370	261	12.76 
1	688226	101	71	371	261	12.83 
1	688278	102	71	373	263	13.89 
1	688330	103	71	374	264	15.17 
1	688382	103	70	375	264	15.81 
1	688435	104	70	376	265	15.45 
1	688487	105	68	377	266	14.32 
1	688539	111	72	376	264	13.19 
1	688591	118	75	375	265	12.69 
1	688644	125	79	375	264	13.33 
1	688696	131	84	374	263	14.53 
1	688748	140	92	372	262	15.67 
1	688800	163	98	371	261	15.88 
1	688852	172	105	370	260	15.10 
1	688905	182	110	369	261	13.75 
1	688957	192	114	367	259	12.83 
1	689009	201	119	365	257	12.97 
1	689061	210	124	362	255	14.04 
1	689115	219	130	360	253	15.38 
1	689167	229	132	360	250	15.95 
1	689219	238	139	368	262	15.45 
1	689271	247	143	377	265	14.25 
1	689324	255	151	377	266	13.11 
1	689376	262	151	380	264	12.83 
1	689428	270	154	380	270	13.61 
1	689480	275	160	382	269	14.89 
1	689532	280	158	386	271	15.88 
1	689585	285	163	388	274	15.81 
1	689637	289	165	387	273	14.82 
1	689689	296	163	387	273	13.47 
1	689741	297	168	391	275	12.83 
1	689795	301	170	394	278	13.26 
1	689847	306	176	395	279	14.39 
1	689899	308	174	394	278	15.67 
1	689951	313	175	394	278	15.95 
1	690003	315	178	393	279	15.24 
1	690056	316	179	391	275	13.89 
1	690108	320	182	389	274	12.90 
1	690160	324	180	388	273	12.97 
1	690212	325	183	385	271	13.89 
1	690265	328	185	382	270	15.24 
1	690317	330	189	382	269	15.88 
1	690369	332	188	380	267	15.52 
1	690421	335	188	380	265	14.32 
1	690475	335	189	375	265	13.11 
1	690527	337	191	375	265	12.69 
1	690579	340	190	374	264	13.40 
1	690631	340	191	374	264	14.67 
1	690683	342	191	375	264	15.74 
1	690736	342	193	375	264	15.81 
1	690788	344	195	375	265	14.74 
1	690840	345	194	375	265	13.47 
1	690892	348	196	376	265	12.69 
1	690945	348	198	376	265	13.04 
1	690997	350	195	375	265	14.18 
1	691049	350	201	376	265	15.38 
1	691102	353	196	377	265	15.88 
1	691154	354	197	377	266	15.17 
1	691207	354	197	380	265	13.89 
1	691259	354	199	380	266	12.83 
1	691311	354	199	380	267	12.76 
1	691363	354	200	380	268	13.68 
1	691416	354	197	380	271	15.03 
1	691468	355	199	381	270	15.81 
1	691520	356	197	383	269	15.52 
1	691572	356	197	383	270	14.39 
1	691624	356	199	384	270	13.19 
1	691677	357	199	384	271	12.62 
1	691729	356	200	384	271	13.19 
1	691782	357	199	385	272	14.60 
1	691834	358	200	386	273	15.60 
1	691887	359	198	388	273	15.74 
1	691939	360	200	389	275	14.82 
1	691991	361	202	390	276	13.54 
1	692043	362	200	392	276	12.69 
1	692096	362	201	394	278	12.90 
1	692148	363	204	396	279	13.97 
1	692200	364	202	397	281	15.24 
1	692252	364	204	400	279	15.81 
1	692304	364	203	400	282	15.24 
1	692357	364	202	402	283	13.97 
1	692409	365	203	403	285	12.83 
1	692462	365	202	404	286	12.62 
1	692514	365	203	406	287	13.47 
1	692567	365	204	406	287	14.82 
1	692619	365	202	407	287	15.67 
1	692671	365	203	408	288	15.31 
1	692723	365	200	409	288	14.32 
1	692775	365	200	410	289	13.04 
1	692828	364	203	408	288	12.41 
1	692880	360	200	409	288	12.90 
1	692932	358	198	408	288	14.18 
1	692984	361	199	410	289	14.89 
1	693037	362	199	410	289	15.10 
1	693090	361	199	410	290	14.60 
1	693142	361	198	410	290	13.47 
1	693194	359	199	409	289	12.69 
1	693246	358	199	411	290	12.83 
1	693299	359	197	415	292	13.97 
1	693351	360	198	417	297	15.10 
1	693403	363	199	423	298	15.67 
1	693455	354	195	420	295	15.38 
1	693508	346	192	420	294	14.11 
1	693560	354	190	428	302	13.04 
1	693612	354	195	436	307	12.90 
1	693664	350	190	427	302	13.47 
1	693716	346	190	420	294	14.67 
1	693770	350	190	420	296	15.60 
1	693822	339	183	417	297	15.81 
1	693874	337	185	416	294	14.89 
1	693926	349	192	417	297	13.61 
1	693979	354	191	416	295	12.97 
1	694031	354	189	416	295	13.40 
1	694083	350	190	417	296	14.25 
1	694135	355	196	417	294	15.38 
1	694188	356	193	420	294	15.81 
1	694240	356	195	420	296	15.17 
1	694292	357	193	420	297	13.89 
1	694344	357	196	421	298	12.97 
1	694396	357	196	421	298	13.04 
1	694450	357	194	421	298	13.97 
1	694502	365	198	421	297	15.24 
1	694554	342	187	417	297	15.74 
1	694606	296	155	416	294	15.38 
1	694659	241	134	415	293	14.39 
1	694711	197	112	415	294	13.33 
1	694763	176	100	415	293	12.97 
1	694815	167	94	416	294	13.61 
1	694867	166	95	416	295	14.74 
1	694920	164	92	417	294	15.60 
1	694972	158	88	417	294	15.67 
1	695024	150	87	416	295	14.89 
1	695076	142	80	417	294	13.75 
1	695129	135	80	417	297	12.97 
1	695181	130	75	417	297	13.04 
1	695233	126	75	417	297	14.11 
1	695285	124	70	417	297	15.24 
1	695337	124	71	420	294	15.74 
1	695390	124	70	420	294	15.38 
1	695443	123	70	420	294	14.32 
1	695495	121	70	420	295	13.33 
1	695547	119	68	420	294	12.97 
1	695600	118	68	420	295	13.61 
1	695652	119	68	420	296	14.74 
1	695704	123	69	420	297	15.60 
1	695756	130	74	421	297	15.67 
1	695809	180	102	422	298	14.89 
1	695861	306	167	426	302	13.75 
1	695913	332	181	431	304	12.97 
1	695965	349	191	430	305	13.19 
1	696017	358	194	431	304	14.18 
1	696070	366	200	431	305	15.31 
1	696122	376	205	431	305	15.74 
1	696174	379	207	432	305	15.31 
1	696226	384	206	431	305	14.18 
1	696279	384	207	431	306	13.04 
1	696332	384	210	432	305	12.83 
1	696384	386	209	432	305	13.61 
1	696436	387	211	432	305	14.89 
1	696488	388	208	432	305	15.74 
1	696541	390	211	431	306	15.60 
1	696593	398	214	427	302	14.60 
1	696645	403	218	426	300	13.33 
1	696697	401	216	429	306	12.76 
1	696750	394	215	432	306	13.19 
1	696802	394	213	432	305	14.39 
1	696854	398	214	420	297	15.52 
1	696906	395	213	430	305	15.81 
1	696960	393	214	432	306	15.03 
1	697012	394	215	432	305	13.68 
1	697064	397	215	415	294	12.83 
1	697116	384	205	380	266	12.90 
1	697168	356	193	275	195	13.97 
1	697221	342	183	180	125	15.17 
1	697273	330	177	156	110	15.81 
1	697325	319	174	131	93	15.38 
1	697377	311	168	110	79	14.25 
1	697430	308	166	100	68	13.04 
1	697482	303	164	88	62	12.69 
1	697534	301	163	82	59	13.40 
1	697586	300	164	75	54	14.60 
1	697638	296	160	73	53	15.60 
1	697691	297	160	71	51	15.81 
1	697743	298	160	70	50	15.03 
1	697795	299	160	69	49	13.82 
1	697847	303	163	81	57	12.90 
1	697900	332	179	184	131	12.83 
1	697952	373	199	281	201	13.68 
1	698004	384	202	293	208	15.03 
1	698056	385	206	295	210	15.74 
1	698108	387	210	296	209	15.52 
1	698161	389	208	297	210	14.39 
1	698213	389	211	300	209	13.19 
1	698266	390	209	300	212	12.76 
1	698318	391	210	301	213	13.33 
1	698371	391	210	302	214	14.60 
1	698423	391	212	302	214	15.60 
1	698475	394	213	300	212	15.67 
1	698527	395	212	300	209	14.82 
1	698579	392	210	301	213	13.54 
1	698632	392	211	303	215	12.76 
1	698684	394	213	300	213	12.97 
1	698736	396	213	300	210	14.11 
1	698788	392	211	301	213	15.31 
1	698841	392	211	302	213	15.81 
1	698894	393	212	301	212	15.24 
1	698946	394	213	300	211	13.97 
1	698998	393	210	300	211	12.90 
1	699051	393	214	300	208	12.76 
1	699103	399	213	294	207	13.61 
1	699155	384	203	284	201	14.96 
1	699207	355	196	260	181	15.74 
1	699259	277	150	225	159	15.60 
1	699312	252	134	182	129	14.46 
1	699364	236	125	147	105	13.26 
1	699416	220	120	123	87	12.69 
1	699468	210	113	109	80	13.19 
1	699521	195	107	96	68	14.39 
1	699573	182	100	87	61	15.45 
1	699625	171	95	80	55	15.74 
1	699677	165	96	73	52	15.17 
1	699729	164	87	68	49	13.97 
1	699782	159	86	64	46	12.97 
1	699834	155	86	63	45	12.76 
1	699886	154	83	61	43	13.47 
1	699938	148	84	60	41	14.60 
1	699991	148	79	60	41	15.60 
1	700043	147	76	60	40	15.81 
1	700095	140	78	57	40	15.10 
1	700147	141	77	55	39	13.89 
1	700199	137	76	55	38	12.90 
1	700251	140	76	55	38	12.76 
1	700303	137	78	54	38	13.54 
1	700355	140	76	53	38	14.74 
1	700407	138	76	52	37	15.74 
1	700460	136	75	52	36	15.74 
1	700512	136	75	52	37	14.96 
1	700564	137	74	52	37	13.68 
1	700616	135	76	52	36	12.83 
1	700668	134	76	51	37	12.83 
1	700721	136	74	51	36	13.61 
1	700773	134	73	50	36	14.89 
1	700825	132	73	50	36	15.74 
1	700877	132	73	51	35	15.67 
1	700930	130	72	51	35	14.82 
1	700982	146	86	60	44	13.68 
1	701033	284	154	182	129	12.76 
1	701086	330	179	235	166	12.97 
1	701138	345	185	240	168	13.97 
1	701191	358	193	243	172	15.24 
1	701243	369	201	246	174	15.81 
1	701295	376	206	249	177	15.38 
1	701347	380	206	252	178	14.18 
1	701400	386	211	253	180	13.04 
1	701452	388	210	255	180	12.76 
1	701504	390	211	256	181	13.54 
1	701556	391	216	257	184	14.89 
1	701608	392	217	260	181	15.81 
1	701661	392	215	260	181	15.67 
1	701714	394	214	260	181	14.67 
1	701766	395	215	260	181	13.40 
1	701818	398	217	260	181	12.69 
1	701871	399	217	260	181	13.11 
1	701923	404	221	260	182	14.32 
1	701975	410	223	260	184	15.52 
1	702027	414	223	262	185	15.81 
1	702080	414	224	262	185	15.03 
1	702132	414	224	262	186	13.68 
1	702184	414	225	262	185	12.69 
1	702236	415	225	262	186	12.76 
1	702288	415	225	263	186	13.75 
1	702341	416	226	263	186	15.03 
1	702394	416	226	263	186	15.74 
1	702446	417	227	264	186	15.31 
1	702498	417	227	264	187	14.18 
1	702551	419	228	264	187	12.97 
1	702603	419	229	265	188	12.62 
1	702655	420	229	265	188	13.33 
1	702707	421	229	265	188	14.67 
1	702759	421	232	266	188	15.67 
1	702812	422	230	266	188	15.74 
1	702864	422	230	266	188	14.74 
1	702916	422	230	266	188	13.40 
1	702968	423	232	266	188	12.69 
1	703021	422	232	266	189	13.04 
1	703074	422	233	267	188	14.18 
1	703126	423	231	267	188	15.38 
1	703178	423	231	267	189	15.81 
1	703230	423	232	267	189	15.17 
1	703283	423	232	267	189	13.89 
1	703335	424	232	267	189	12.83 
1	703387	424	234	267	189	12.76 
1	703439	424	234	267	189	13.68 
1	703492	424	234	267	190	15.03 
1	703544	425	232	267	190	15.81 
1	703596	425	234	268	189	15.52 
1	703648	426	232	268	189	14.46 
1	703700	425	233	268	189	13.19 
1	703754	425	233	268	189	12.69 
1	703806	425	233	268	190	13.33 
1	703858	426	233	268	190	14.53 
1	703910	426	233	268	190	15.67 
1	703963	426	233	268	190	15.81 
1	704015	426	233	269	190	14.96 
1	704067	427	235	269	190	13.61 
1	704119	427	234	269	192	12.76 
1	704172	427	233	269	193	12.97 
1	704224	427	238	269	193	14.04 
1	704276	427	234	270	192	15.31 
1	704328	428	237	270	192	15.88 
1	704381	428	237	270	192	15.38 
1	704434	428	237	270	192	14.11 
1	704486	428	237	270	192	12.97 
1	704538	428	237	270	192	12.76 
1	704590	428	237	270	192	13.61 
1	704643	428	239	270	192	14.96 
1	704695	429	236	270	192	15.81 
1	704747	429	236	270	192	15.67 
1	704799	428	237	270	192	14.60 
1	704851	429	238	271	191	13.33 
1	704904	430	235	271	191	12.69 
1	704956	430	237	271	192	13.19 
1	705009	430	235	271	192	14.46 
1	705061	430	235	271	192	15.60 
1	705114	430	235	271	192	15.81 
1	705166	429	236	271	192	15.03 
1	705218	430	237	271	192	13.75 
1	705270	430	236	272	192	12.76 
1	705323	431	235	272	192	12.90 
1	705375	430	236	272	192	13.97 
1	705427	430	239	272	192	15.31 
1	705479	431	236	272	192	15.88 
1	705531	431	238	272	192	15.45 
1	705584	431	236	272	193	14.25 
1	705636	431	236	272	193	13.04 
1	705689	431	235	272	192	12.76 
1	705741	431	236	272	193	13.54 
1	705794	429	238	272	193	14.89 
1	705846	431	238	272	193	15.81 
1	705898	432	238	273	192	15.67 
1	705950	432	235	273	193	14.74 
1	706002	432	236	273	194	13.40 
1	706055	431	238	273	194	12.76 
1	706107	431	237	274	194	13.19 
1	706159	432	237	274	194	14.39 
1	706211	432	236	274	194	15.60 
1	706264	430	239	275	194	15.88 
1	706317	432	237	275	195	15.24 
1	706369	432	237	275	195	13.89 
1	706421	433	236	275	195	12.90 
1	706473	433	239	276	195	12.90 
1	706526	433	237	276	195	13.89 
1	706578	432	237	276	195	15.24 
1	706630	433	238	276	195	15.95 
1	706682	432	237	276	194	15.52 
1	706735	432	237	275	195	14.39 
1	706787	433	236	276	195	13.19 
1	706839	433	238	276	195	12.76 
1	706891	433	236	276	196	13.54 
1	706945	433	237	276	196	14.82 
1	706997	433	237	276	196	15.81 
1	707049	434	237	277	195	15.81 
1	707101	433	237	277	195	14.82 
1	707153	434	237	277	196	13.47 
1	707206	433	238	277	195	12.83 
1	707258	434	239	277	196	13.19 
1	707310	434	237	277	196	14.32 
1	707362	434	237	277	197	15.52 
1	707415	433	238	277	197	15.95 
1	707467	434	237	280	194	15.24 
1	707519	434	239	277	197	13.97 
1	707572	434	237	280	194	12.97 
1	707624	434	240	280	194	12.90 
1	707677	434	236	277	196	13.82 
1	707729	433	238	280	194	15.17 
1	707781	434	239	280	194	16.02 
1	707833	434	238	280	195	15.67 
1	707886	434	238	280	195	14.53 
1	707938	434	240	280	195	13.33 
1	707990	434	237	280	196	12.83 
1	708042	434	240	280	196	13.47 
1	708094	434	237	280	195	14.74 
1	708147	434	237	280	196	15.81 
1	708200	434	238	280	196	15.88 
1	708252	434	238	280	196	14.96 
1	708304	434	238	280	196	13.61 
1	708357	434	237	280	197	12.83 
1	708409	434	238	280	197	13.11 
1	708461	434	237	280	197	14.18 
1	708513	433	238	280	198	15.45 
1	708566	434	237	280	198	15.95 
1	708618	434	237	280	197	15.38 
1	708670	434	239	280	197	14.11 
1	708722	433	239	280	197	13.04 
1	708774	433	238	280	197	12.90 
1	708827	434	240	280	198	13.68 
1	708880	433	238	280	198	15.10 
1	708932	433	238	280	198	15.88 
1	708984	434	237	280	198	15.74 
1	709037	434	237	280	198	14.60 
1	709089	434	237	280	198	13.33 
1	709141	434	237	280	199	12.76 
1	709193	434	238	280	198	13.33 
1	709245	434	238	280	198	14.53 
1	709298	434	237	280	199	15.67 
1	709350	434	238	281	198	15.88 
1	709402	435	238	281	198	15.10 
1	709454	434	239	281	198	13.75 
1	709508	434	237	280	198	12.90 
1	709560	433	237	281	198	12.97 
1	709612	434	240	281	198	14.04 
1	709664	435	237	280	199	15.31 
1	709716	434	240	281	198	15.95 
1	709769	434	238	281	198	15.45 
1	709821	434	238	281	198	14.32 
1	709873	434	238	281	198	13.11 
1	709925	434	238	281	199	12.83 
1	709978	434	238	281	199	13.61 
1	710030	434	238	281	199	14.89 
1	710082	434	237	281	199	15.81 
1	710135	434	238	282	198	15.74 
1	710188	435	238	281	199	14.74 
1	710240	434	240	281	199	13.40 
1	710292	434	240	281	201	12.76 
1	710344	434	240	282	201	13.19 
1	710396	435	239	281	202	14.39 
1	710449	435	239	282	201	15.45 
1	710501	434	238	282	201	15.88 
1	710553	434	238	281	202	15.17 
1	710605	435	237	282	201	13.82 
1	710658	434	240	282	201	12.83 
1	710710	434	239	281	201	12.90 
1	710762	434	240	282	201	13.89 
1	710815	434	238	282	201	15.10 
1	710867	434	238	281	201	15.95 
1	710920	435	237	282	201	15.52 
1	710972	435	240	282	201	14.32 
1	711024	435	238	282	201	13.11 
1	711076	435	238	282	201	12.76 
1	711129	435	238	282	201	13.47 
1	711181	435	240	282	201	14.74 
1	711233	435	240	282	201	15.74 
1	711285	434	238	282	201	15.74 
1	711337	435	240	282	201	14.82 
1	711390	435	238	282	201	13.54 
1	711443	435	238	282	201	12.76 
1	711495	435	240	283	200	13.11 
1	711547	435	238	283	200	14.25 
1	711600	435	238	283	200	15.52 
1	711652	435	240	283	200	15.95 
1	711704	435	240	283	200	15.24 
1	711756	434	238	282	201	13.97 
1	711809	435	238	283	200	12.97 
1	711861	436	238	283	200	12.90 
1	711913	435	239	283	200	13.82 
1	711965	435	238	283	200	15.17 
1	712017	435	238	283	201	15.95 
1	712071	435	239	283	201	15.60 
1	712123	435	241	283	200	14.46 
1	712175	435	238	283	200	13.26 
1	712227	435	238	283	200	12.76 
1	712280	436	238	284	200	13.40 
1	712332	436	238	284	201	14.67 
1	712384	435	241	284	200	15.74 
1	712436	435	239	284	200	15.88 
1	712488	436	238	284	200	14.96 
1	712541	436	238	284	200	13.61 
1	712593	435	238	284	200	12.76 
1	712645	436	240	284	201	12.97 
1	712698	434	238	283	201	14.18 
1	712751	435	238	283	201	15.38 
1	712803	435	238	284	200	15.88 
1	712855	435	240	283	201	15.31 
1	712907	435	239	284	201	14.04 
1	712960	436	238	284	201	12.97 
1	713012	435	239	284	201	12.83 
1	713064	436	238	284	201	13.68 
1	713116	436	241	284	201	15.03 
1	713168	436	238	284	201	15.88 
1	713221	435	239	284	201	15.67 
1	713273	435	238	284	201	14.60 
1	713325	435	239	284	201	13.33 
1	713378	435	239	284	201	12.76 
1	713431	435	241	284	202	13.33 
1	713483	435	239	284	201	14.53 
1	713535	435	239	284	202	15.60 
1	713587	435	240	284	202	15.88 
1	713639	435	238	284	202	15.03 
1	713692	435	240	284	201	13.68 
1	713744	435	240	284	202	12.83 
1	713796	435	239	284	201	12.90 
1	713848	435	238	285	201	13.97 
1	713901	435	238	284	201	15.31 
1	713953	436	238	285	201	15.88 
1	714006	436	240	285	202	15.38 
1	714058	435	239	285	202	14.25 
1	714110	435	239	285	201	13.04 
1	714163	435	239	285	201	12.76 
1	714215	435	238	285	201	13.61 
1	714267	436	238	285	201	14.89 
1	714319	436	238	285	202	15.81 
1	714372	436	240	285	202	15.74 
1	714424	436	239	285	202	14.74 
1	714476	436	240	285	202	13.40 
1	714528	436	238	285	202	12.76 
1	714580	436	240	285	202	13.11 
1	714634	435	241	285	202	14.39 
1	714686	435	239	285	201	15.60 
1	714738	436	238	285	201	15.88 
1	714790	435	238	284	201	15.10 
1	714843	434	238	285	201	13.82 
1	714895	435	240	284	201	12.83 
1	714947	433	238	284	201	12.90 
1	714999	434	240	285	201	13.89 
1	715052	435	238	285	201	15.24 
1	715104	435	238	285	201	15.88 
1	715156	435	238	285	201	15.52 
1	715208	435	237	285	201	14.32 
1	715261	435	238	285	201	13.11 
1	715314	435	238	285	201	12.76 
1	715366	435	239	285	201	13.47 
1	715418	435	240	285	201	14.82 
1	715470	435	240	285	201	15.74 
1	715523	435	238	285	201	15.74 
1	715575	434	237	285	201	14.82 
1	715627	435	237	285	201	13.47 
1	715679	435	240	285	201	12.76 
1	715731	434	240	284	201	13.04 
1	715784	434	238	285	201	14.18 
1	715836	434	238	285	201	15.45 
1	715888	435	237	285	202	15.88 
1	715941	434	238	285	202	15.24 
1	715994	434	238	285	202	13.97 
1	716046	435	237	285	202	12.90 
1	716098	434	238	285	201	12.83 
1	716150	434	239	285	201	13.75 
1	716203	433	239	284	201	15.17 
1	716255	432	239	284	201	15.88 
1	716307	432	237	284	200	15.60 
1	716359	433	236	284	201	14.46 
1	716411	432	237	284	200	13.26 
1	716464	432	237	284	201	12.76 
1	716516	432	237	284	201	13.33 
1	716569	432	239	284	200	14.67 
1	716621	433	239	284	201	15.74 
1	716674	434	237	285	201	15.81 
1	716726	434	238	285	201	14.96 
1	716778	434	237	285	201	13.61 
1	716830	434	237	285	201	12.83 
1	716882	435	237	285	202	13.04 
1	716935	435	238	285	202	14.11 
1	716987	434	238	285	202	15.38 
1	717039	434	239	285	201	15.88 
1	717091	434	238	285	201	15.38 
1	717144	435	238	286	201	14.11 
1	717197	434	238	285	202	12.97 
1	717249	434	238	285	202	12.83 
1	717301	434	240	285	202	13.68 
1	717353	434	240	285	202	15.03 
1	717406	434	238	285	202	15.88 
1	717458	434	237	285	201	15.67 
1	717510	434	237	285	201	14.60 
1	717562	434	238	285	201	13.26 
1	717615	434	240	285	201	12.69 
1	717667	434	237	285	201	13.26 
1	717719	434	238	285	201	14.53 
1	717771	434	241	285	202	15.67 
1	717825	435	240	285	202	15.88 
1	717877	434	238	285	201	15.03 
1	717929	433	238	284	201	13.68 
1	717981	433	238	284	201	12.90 
1	718033	433	239	284	201	12.97 
1	718086	432	237	284	201	14.04 
1	718138	433	238	284	201	15.31 
1	718190	434	239	285	202	15.95 
1	718242	433	239	285	201	15.38 
1	718295	433	237	285	201	14.18 
1	718347	433	237	284	202	13.04 
1	718399	433	238	285	201	12.76 
1	718452	434	238	285	201	13.54 
1	718504	433	238	285	201	14.96 
1	718557	433	237	284	201	15.81 
1	718609	432	239	284	201	15.74 
1	718661	432	239	284	201	14.67 
1	718713	432	237	284	200	13.40 
1	718766	432	237	284	200	12.76 
1	718818	432	237	284	200	13.19 
1	718870	432	236	284	200	14.39 
1	718922	431	239	283	201	15.60 
1	718974	431	239	283	201	15.88 
1	719027	430	236	283	200	15.10 
1	719080	430	238	283	200	13.82 
1	719132	430	237	283	200	12.90 
1	719184	430	238	283	200	12.90 
1	719237	430	238	283	200	13.97 
1	719289	430	236	283	200	15.24 
1	719341	430	237	283	200	15.88 
1	719393	431	236	283	200	15.52 
1	719446	432	239	283	201	14.32 
1	719498	431	237	284	201	13.11 
1	719550	432	237	283	201	12.76 
1	719602	432	239	284	201	13.54 
1	719654	432	236	284	200	14.82 
1	719708	431	240	284	201	15.81 
1	719760	432	236	284	200	15.81 
1	719812	431	237	283	201	14.82 
1	719864	431	239	284	200	13.47 
1	719917	431	237	284	200	12.83 
1	719969	431	236	283	201	13.11 
1	720021	431	238	283	201	14.32 
1	720073	431	238	283	201	15.60 
1	720125	431	236	283	200	15.95 
1	720178	431	236	283	201	15.24 
1	720230	431	237	283	201	13.89 
1	720282	431	236	283	201	12.90 
1	720335	431	239	284	200	12.83 
1	720388	430	237	283	201	13.82 
1	720440	430	238	283	201	15.17 
1	720492	430	236	283	200	15.88 
1	720544	430	236	283	200	15.60 
1	720596	429	238	283	200	14.46 
1	720649	430	238	283	200	13.19 
1	720701	430	237	283	200	12.76 
1	720753	429	238	283	200	13.40 
1	720805	429	238	283	200	14.67 
1	720858	430	235	283	200	15.74 
1	720910	430	235	283	200	15.81 
1	720962	430	239	283	200	14.89 
1	721015	430	238	283	200	13.61 
1	721068	430	238	283	200	12.83 
1	721120	430	236	283	201	13.04 
1	721172	430	238	283	200	14.18 
1	721224	430	235	283	201	15.45 
1	721276	430	238	283	200	15.95 
1	721329	432	238	283	201	15.38 
1	721381	432	239	285	201	14.11 
1	721433	432	239	285	201	12.97 
1	721485	432	239	284	201	12.83 
1	721538	433	237	285	201	13.68 
1	721590	433	237	285	202	15.03 
1	721643	433	239	285	201	15.88 
1	721695	434	237	285	202	15.67 
1	721747	433	237	286	202	14.60 
1	721800	433	240	285	202	13.33 
1	721852	434	238	286	202	12.76 
1	721904	434	238	286	202	13.26 
1	721956	435	241	287	203	14.53 
1	722009	436	241	287	204	15.67 
1	722061	437	241	288	203	15.88 
1	722113	437	241	288	203	15.10 
1	722165	437	239	288	204	13.75 
1	722217	437	242	288	204	12.83 
1	722271	438	241	288	204	12.97 
1	722323	439	240	289	204	13.97 
1	722375	439	240	289	205	15.31 
1	722427	439	241	289	205	15.95 
1	722480	440	241	290	205	15.45 
1	722532	440	241	290	205	14.25 
1	722584	440	241	290	205	13.11 
1	722636	444	238	290	206	12.76 
1	722689	440	242	290	206	13.54 
1	722741	443	239	290	206	14.89 
1	722793	444	239	291	205	15.88 
1	722845	444	239	291	205	15.74 
1	722898	444	238	291	205	14.74 
1	722951	444	238	291	205	13.47 
1	723003	444	239	291	205	12.69 
1	723055	444	241	291	206	13.19 
1	723107	444	240	290	206	14.39 
1	723160	444	239	292	206	15.60 
1	723212	444	241	291	206	15.95 
1	723264	444	242	291	206	15.17 
1	723316	444	240	291	206	13.89 
1	723368	444	241	292	206	12.90 
1	723421	444	243	292	206	12.90 
1	723473	444	243	292	206	13.89 
1	723526	444	242	292	207	15.10 
1	723578	444	244	292	207	15.95 
1	723631	444	241	292	206	15.52 
1	723683	444	243	292	207	14.39 
1	723735	444	245	293	207	13.19 
1	723787	444	242	292	207	12.76 
1	723840	445	243	293	206	13.47 
1	723892	444	244	293	207	14.74 
1	723944	445	243	293	208	15.81 
1	723996	445	243	293	208	15.81 
1	724048	445	244	293	208	14.89 
1	724101	445	243	293	208	13.54 
1	724153	443	245	293	207	12.76 
1	724206	445	243	293	207	13.11 
1	724258	444	244	293	207	14.18 
1	724311	444	244	293	207	15.45 
1	724363	445	243	293	207	15.95 
1	724415	445	243	293	207	15.31 
1	724467	444	242	293	207	14.04 
1	724519	444	242	293	206	12.97 
1	724572	444	244	293	207	12.90 
1	724624	444	243	293	207	13.75 
1	724676	444	243	293	207	15.10 
1	724728	445	243	293	208	15.88 
1	724781	444	243	293	208	15.67 
1	724834	444	243	292	208	14.53 
1	724886	444	244	293	208	13.26 
1	724938	444	244	293	207	12.76 
1	724990	445	243	293	208	13.33 
1	725043	444	243	293	207	14.53 
1	725095	444	245	293	207	15.67 
1	725147	445	244	293	208	15.88 
1	725199	445	243	293	208	15.10 
1	725252	445	242	293	208	13.75 
1	725304	445	244	294	210	12.83 
1	725356	445	246	294	207	12.97 
1	725408	445	244	294	207	13.97 
1	725460	445	245	294	209	15.31 
1	725514	445	243	294	207	15.95 
1	725566	445	243	294	210	15.45 
1	725618	444	245	293	207	14.32 
1	725670	445	243	294	210	13.11 
1	725723	446	243	294	210	12.83 
1	725775	445	243	294	209	13.54 
1	725827	444	243	293	208	14.89 
1	725879	444	244	294	208	15.81 
1	725932	445	245	294	207	15.81 
1	725984	444	243	293	208	14.74 
1	726036	445	243	294	209	13.40 
1	726088	445	243	294	207	12.76 
1	726141	444	244	293	208	13.11 
1	726194	445	243	293	208	14.32 
1	726246	443	246	294	208	15.52 
1	726298	445	244	294	210	15.88 
1	726350	444	244	294	209	15.24 
1	726403	446	244	294	210	13.89 
1	726455	446	245	294	210	12.90 
1	726507	446	243	294	210	12.90 
1	726559	446	248	294	210	13.82 
1	726611	446	243	294	210	15.17 
1	726664	446	244	294	210	15.88 
1	726716	446	243	294	210	15.60 
1	726769	446	245	294	210	14.46 
1	726821	445	246	294	210	13.19 
1	726874	446	244	294	210	12.76 
1	726926	445	245	294	210	13.40 
1	726978	445	246	294	210	14.67 
1	727030	446	244	294	210	15.74 
1	727083	446	249	294	210	15.81 
1	727135	446	249	294	210	14.96 
1	727187	446	248	295	209	13.61 
1	727239	445	244	294	210	12.83 
1	727291	446	246	294	210	13.04 
1	727344	446	249	295	209	14.11 
1	727396	447	247	295	209	15.38 
1	727449	446	250	295	209	15.95 
1	727501	446	247	295	209	15.38 
1	727554	446	246	295	209	14.11 
1	727606	447	249	295	209	13.04 
1	727658	447	249	295	209	12.83 
1	727710	446	248	295	209	13.68 
1	727762	446	246	295	209	14.96 
1	727815	446	246	295	209	15.88 
1	727867	446	249	295	209	15.74 
1	727919	446	250	295	209	14.67 
1	727971	446	247	295	209	13.40 
1	728024	446	246	295	209	12.69 
1	728077	446	249	295	209	13.26 
1	728129	446	246	295	209	14.46 
1	728181	446	245	295	209	15.60 
1	728233	447	247	295	209	15.88 
1	728286	447	248	295	209	15.10 
1	728338	446	249	295	209	13.82 
1	728390	446	248	295	209	12.83 
1	728442	447	249	295	209	12.97 
1	728495	446	250	295	209	13.89 
1	728547	446	246	295	209	15.24 
1	728599	445	244	295	209	15.88 
1	728651	446	248	295	209	15.52 
1	728705	446	247	295	209	14.32 
1	728757	444	249	295	209	13.19 
1	728809	444	250	295	209	12.76 
1	728861	447	247	296	209	13.47 
1	728913	447	247	295	209	14.82 
1	728966	447	247	296	209	15.81 
1	729018	447	247	295	209	15.81 
1	729070	447	247	295	209	14.89 
1	729122	447	247	296	209	13.54 
1	729175	447	247	296	209	12.83 
1	729227	447	247	296	209	13.11 
1	729279	448	246	296	209	14.25 
1	729331	447	247	296	209	15.45 
1	729384	447	249	296	209	15.95 
1	729437	448	248	296	209	15.31 
1	729489	447	249	296	209	14.04 
1	729541	447	247	296	209	12.97 
1	729593	447	249	296	209	12.83 
1	729646	448	246	296	209	13.75 
1	729698	445	249	296	209	15.10 
1	729750	448	246	296	209	15.88 
1	729802	447	247	296	209	15.67 
1	729854	448	246	296	210	14.60 
1	729907	447	247	296	209	13.26 
1	729959	447	247	296	209	12.76 
1	730012	448	248	296	210	13.33 
1	730064	447	247	296	210	14.60 
1	730117	448	246	296	210	15.67 
1	730169	448	248	296	210	15.88 
1	730221	448	246	297	209	15.10 
1	730273	448	248	296	210	13.68 
1	730326	447	247	297	209	12.83 
1	730378	448	248	297	210	12.97 
1	730430	448	246	297	209	14.04 
1	730482	448	246	297	210	15.38 
1	730534	448	246	297	210	15.95 
1	730587	448	246	297	209	15.45 
1	730640	448	248	297	209	14.25 
1	730692	449	245	297	210	13.11 
1	730744	448	246	297	210	12.83 
1	730797	448	246	297	210	13.54 
1	730849	448	246	297	210	14.89 
1	730901	448	248	297	210	15.88 
1	730953	448	248	297	210	15.74 
1	731005	449	245	297	210	14.74 
1	731058	448	246	297	210	13.40 
1	731110	448	246	297	210	12.76 
1	731162	448	246	297	210	13.19 
1	731214	448	248	297	210	14.32 
1	731268	448	246	297	209	15.52 
1	731320	448	246	297	210	15.88 
1	731372	448	248	297	210	15.17 
1	731424	449	245	297	210	13.89 
1	731476	448	246	297	210	12.90 
1	731529	448	248	297	211	12.90 
1	731581	448	246	297	211	13.82 
1	731633	448	246	300	208	15.17 
1	731685	449	247	297	211	15.88 
1	731738	449	247	297	211	15.60 
1	731790	449	245	297	210	14.46 
1	731842	449	245	297	210	13.19 
1	731894	448	248	297	210	12.76 
1	731948	449	245	297	210	13.40 
1	732000	449	245	297	211	14.67 
1	732052	449	245	297	211	15.74 
1	732104	449	248	300	208	15.81 
1	732156	449	247	297	211	14.89 
1	732209	449	246	297	211	13.61 
1	732261	449	246	297	210	12.76 
1	732313	449	248	297	211	13.04 
1	732365	449	246	297	211	14.11 
1	732418	449	247	300	208	15.38 
1	732470	449	246	297	211	15.95 
1	732522	449	246	300	208	15.38 
1	732575	448	246	300	208	14.11 
1	732627	449	245	297	211	12.97 
1	732680	449	245	297	211	12.76 
1	732732	448	246	297	210	13.61 
1	732784	449	248	297	210	14.89 
1	732836	449	245	297	210	15.81 
1	732889	449	247	300	208	15.67 
1	732941	448	246	297	210	14.60 
1	732993	449	245	300	208	13.33 
1	733045	450	247	300	208	12.69 
1	733097	450	245	300	208	13.19 
1	733150	450	245	300	208	14.46 
1	733203	447	248	300	209	15.60 
1	733255	449	246	300	208	15.88 
1	733307	449	245	300	208	15.10 
1	733360	449	246	300	209	13.75 
1	733412	450	246	300	208	12.83 
1	733464	450	246	300	208	12.90 
1	733516	449	246	297	210	13.82 
1	733569	449	247	300	208	15.17 
1	733621	449	247	300	208	15.88 
1	733673	450	248	300	209	15.45 
1	733725	450	246	300	209	14.32 
1	733777	450	246	300	209	13.11 
1	733831	450	245	300	209	12.76 
1	733883	450	248	300	209	13.47 
1	733935	448	248	300	209	14.82 
1	733987	451	248	300	210	15.74 
1	734040	450	247	300	210	15.74 
1	734092	451	248	300	210	14.82 
1	734144	452	250	300	211	13.54 
1	734196	452	250	300	212	12.76 
1	734248	453	247	300	213	13.11 
1	734301	453	247	300	212	14.25 
1	734353	453	248	300	213	15.52 
1	734405	452	247	300	212	15.95 
1	734458	453	249	300	212	15.31 
1	734511	452	247	300	212	13.97 
1	734563	453	247	300	212	12.97 
1	734615	452	247	300	212	12.83 
1	734667	452	246	300	211	13.75 
1	734720	450	249	300	211	15.10 
1	734772	452	247	300	212	15.88 
1	734824	452	247	300	212	15.67 
1	734876	452	247	300	213	14.60 
1	734928	452	247	300	212	13.33 
1	734981	452	247	300	212	12.76 
1	735033	453	247	300	212	13.26 
1	735086	450	249	300	212	14.53 
1	735138	452	246	300	212	15.60 
1	735191	451	247	300	212	15.81 
1	735243	450	248	300	212	14.96 
1	735295	451	246	300	211	13.61 
1	735347	450	245	300	211	12.69 
1	735399	449	245	300	210	12.83 
1	735452	449	245	300	210	13.97 
1	735504	447	241	300	210	15.24 
1	735556	446	240	300	210	15.88 
1	735608	447	239	300	210	15.38 
1	735661	446	241	300	210	14.11 
1	735714	444	242	300	210	12.90 
1	735766	446	240	300	210	12.69 
1	735818	447	241	300	210	13.47 
1	735870	447	241	300	211	14.82 
1	735923	447	240	300	210	15.81 
1	735975	447	240	300	210	15.74 
1	736027	447	242	300	211	14.74 
1	736079	447	240	300	211	13.40 
1	736132	446	242	300	211	12.76 
1	736184	447	240	300	211	13.19 
1	736236	446	241	300	210	14.39 
1	736288	447	242	300	211	15.52 
1	736342	447	242	300	211	15.88 
1	736394	448	244	300	211	15.17 
1	736446	448	246	300	211	13.89 
1	736498	449	245	300	211	12.90 
1	736550	450	244	300	211	12.90 
1	736603	450	245	300	211	13.89 
1	736655	450	246	300	211	15.24 
1	736707	450	248	300	211	15.95 
1	736759	451	247	300	211	15.60 
1	736812	451	246	300	211	14.46 
1	736864	451	248	300	212	13.19 
1	736916	451	248	300	212	12.76 
1	736969	451	247	300	212	13.47 
1	737021	452	246	300	212	14.74 
1	737074	452	246	300	212	15.74 
1	737126	452	246	300	212	15.88 
1	737178	452	246	300	212	14.96 
1	737230	452	249	300	212	13.61 
1	737283	452	249	300	211	12.83 
1	737335	452	246	297	210	13.04 
1	737387	452	247	297	210	14.18 
1	737439	452	247	297	211	15.45 
1	737491	452	249	297	210	15.95 
1	737544	451	249	297	210	15.38 
1	737597	452	247	297	210	14.04 
1	737649	452	247	297	210	12.97 
1	737701	453	246	297	210	12.83 
1	737754	452	247	297	210	13.68 
1	737806	452	247	297	210	15.03 
1	737858	453	246	297	210	15.88 
1	737910	452	247	297	210	15.74 
1	737963	453	247	297	210	14.60 
1	738015	452	249	297	210	13.33 
1	738067	453	246	297	210	12.76 
1	738119	452	249	297	210	13.26 
1	738171	452	247	300	208	14.46 
1	738224	452	247	300	209	15.67 
1	738277	452	246	300	209	15.88 
1	738329	452	246	300	209	15.10 
1	738381	452	246	300	209	13.68 
1	738434	452	247	300	209	12.83 
1	738486	452	249	300	210	12.90 
1	738538	452	247	300	210	13.97 
1	738590	453	247	300	210	15.31 
1	738642	453	249	300	210	15.95 
1	738695	453	247	300	209	15.52 
1	738747	452	247	300	209	14.32 
1	738799	453	246	300	209	13.11 
1	738851	452	247	300	210	12.76 
1	738905	452	247	300	209	13.47 
1	738957	452	249	300	209	14.89 
1	739009	452	247	300	209	15.81 
1	739061	452	247	300	209	15.81 
1	739113	453	247	300	210	14.82 
1	739166	453	247	300	210	13.47 
1	739218	453	247	300	210	12.83 
1	739270	452	248	300	209	13.11 
1	739322	450	248	300	209	14.25 
1	739375	451	247	300	209	15.52 
1	739427	451	247	300	208	15.95 
1	739479	451	249	297	211	15.31 
1	739532	451	246	300	208	13.97 
1	739585	451	246	300	208	12.90 
1	739637	452	246	300	208	12.83 
1	739689	452	246	297	210	13.75 
1	739741	450	246	297	210	15.10 
1	739793	451	248	297	210	15.88 
1	739846	451	248	300	208	15.67 
1	739898	451	246	300	209	14.53 
1	739950	452	247	297	211	13.26 
1	740002	452	248	296	210	12.76 
1	740055	452	248	297	210	13.33 
1	740107	452	246	297	210	14.60 
1	740159	452	247	297	210	15.67 
1	740212	452	249	297	210	15.81 
1	740264	451	247	297	209	15.03 
1	740317	452	246	297	210	13.68 
1	740369	452	246	297	209	12.76 
1	740421	452	246	297	210	12.97 
1	740473	452	248	297	209	14.04 
1	740526	451	248	297	209	15.31 
1	740578	451	246	297	209	15.88 
1	740630	450	246	296	210	15.45 
1	740682	451	247	296	210	14.25 
1	740734	450	244	296	210	13.04 
1	740787	450	244	297	209	12.76 
1	740840	450	244	297	209	13.54 
1	740892	450	245	297	210	14.82 
1	740944	450	246	297	210	15.81 
1	740997	450	244	297	209	15.74 
1	741049	449	245	297	209	14.74 
1	741101	449	245	297	210	13.40 
1	741153	448	248	297	209	12.76 
1	741206	447	244	297	209	13.19 
1	741258	448	241	297	209	14.32 
1	741310	447	242	297	209	15.52 
1	741362	448	244	296	210	15.95 
1	741414	449	245	297	210	15.24 
1	741468	449	245	300	208	13.89 
1	741520	449	245	300	208	12.90 
1	741572	448	241	297	210	12.83 
1	741624	448	241	297	210	13.82 
1	741677	448	244	300	208	15.17 
1	741729	448	241	297	210	15.88 
1	741781	448	240	297	209	15.60 
1	741833	447	240	297	210	14.39 
1	741885	447	240	297	210	13.26 
1	741938	447	242	297	210	12.76 
1	741990	447	239	297	209	13.40 
1	742042	445	241	297	209	14.67 
1	742095	446	240	297	210	15.67 
1	742148	450	244	301	212	15.74 
1	742200	444	237	300	208	14.82 
1	742252	444	237	296	210	13.54 
1	742304	444	235	297	210	12.69 
1	742356	444	236	300	208	12.97 
1	742409	444	236	300	208	14.11 
1	742461	444	236	300	209	15.52 
1	742513	444	236	300	208	16.02 
1	742565	444	236	300	208	15.52 
1	742618	445	236	300	208	13.89 
1	742670	438	233	295	209	12.83 
1	742723	438	234	294	210	12.69 
1	742775	442	238	306	216	13.47 
1	742828	454	241	309	219	14.96 
1	742880	464	248	311	221	15.81 
1	742932	448	239	300	213	15.74 
1	742984	420	224	289	203	14.53 
1	743036	431	236	266	187	12.90 
1	743089	440	237	289	204	11.98 
1	743141	431	236	281	198	12.48 
1	743193	428	232	276	195	13.61 
1	743245	431	236	280	194	14.74 
1	743298	434	233	280	198	15.24 
1	743350	430	231	281	199	14.53 
1	743403	425	227	277	195	13.19 
1	743455	427	229	280	198	12.26 
1	743507	423	226	282	201	12.33 
1	743560	419	225	283	201	13.33 
1	743612	414	222	280	195	14.60 
1	743664	414	222	280	195	15.31 
1	743716	414	222	280	199	14.89 
1	743769	410	222	280	194	13.68 
1	743821	414	224	280	199	12.33 
1	743873	403	219	275	196	11.98 
1	743925	404	218	280	197	12.83 
1	743977	391	210	280	196	14.18 
1	744031	388	211	270	192	15.31 
1	744083	405	218	275	195	15.52 
1	744135	383	203	285	202	14.67 
1	744187	392	214	261	184	13.26 
1	744240	399	216	274	193	12.62 
1	744292	424	227	276	194	12.83 
1	744344	396	213	263	186	13.82 
1	744396	444	234	272	192	15.10 
1	744449	437	234	293	206	15.60 
1	744501	444	238	290	204	15.24 
1	744553	455	245	296	209	14.04 
1	744605	452	246	303	215	12.83 
1	744657	452	244	301	213	12.55 
1	744711	462	248	304	215	13.40 
1	744763	468	255	316	224	14.74 
1	744815	478	255	324	228	15.81 
1	744867	461	247	323	228	15.67 
1	744920	460	247	320	223	14.67 
1	744972	464	248	320	226	13.33 
1	745024	464	252	320	225	12.62 
1	745076	465	248	320	226	13.11 
1	745128	466	250	320	226	14.25 
1	745181	466	250	320	226	15.45 
1	745233	466	251	320	226	15.81 
1	745285	465	253	320	227	15.10 
1	745337	467	250	320	227	13.68 
1	745391	467	250	321	227	12.69 
1	745443	466	253	321	227	12.69 
1	745495	468	250	321	227	13.68 
1	745547	466	257	322	227	14.96 
1	745600	468	256	321	227	15.74 
1	745652	468	251	321	227	15.45 
1	745704	468	253	321	227	14.32 
1	745756	468	255	321	227	13.04 
1	745808	468	257	322	227	12.55 
1	745861	468	255	322	227	13.11 
1	745913	468	255	322	227	14.46 
1	745965	468	254	322	227	15.52 
1	746017	468	254	322	227	15.74 
1	746071	466	252	322	227	14.89 
1	746123	467	250	322	227	13.47 
1	746175	467	250	322	227	12.62 
1	746227	467	252	322	227	12.76 
1	746279	467	252	322	227	13.82 
1	746332	467	250	322	227	15.10 
1	746384	468	252	322	228	15.81 
1	746436	469	250	322	228	15.24 
1	746488	468	254	322	228	14.04 
1	746541	469	253	323	228	12.83 
1	746593	468	255	323	228	12.55 
1	746645	469	256	323	228	13.33 
1	746698	469	256	323	228	14.67 
1	746750	469	254	323	228	15.67 
1	746803	469	254	323	228	15.60 
1	746855	470	255	323	227	14.60 
1	746907	470	253	323	227	13.26 
1	746959	471	253	323	228	12.55 
1	747012	474	253	323	228	12.90 
1	747064	474	256	323	228	14.04 
1	747116	474	254	323	228	15.31 
1	747168	474	255	323	229	15.74 
1	747220	474	255	323	229	15.03 
1	747273	474	256	323	229	13.68 
1	747325	474	256	323	229	12.69 
1	747378	472	260	323	229	12.55 
1	747430	472	258	323	228	13.47 
1	747483	474	256	323	229	14.89 
1	747535	474	256	323	229	15.67 
1	747587	474	256	323	228	15.38 
1	747639	474	258	323	229	14.32 
1	747692	474	255	323	228	12.97 
1	747744	472	260	323	229	12.41 
1	747796	474	258	323	228	13.04 
1	747848	474	256	323	228	14.11 
1	747900	474	259	323	228	15.38 
1	747953	474	256	323	228	15.67 
1	748006	474	256	323	228	14.82 
1	748058	474	255	323	228	13.47 
1	748110	474	257	323	229	12.55 
1	748163	474	258	323	229	12.62 
1	748215	474	257	323	229	13.68 
1	748267	472	259	323	229	14.96 
1	748319	474	257	323	229	15.67 
1	748371	474	257	323	229	15.24 
1	748424	474	257	323	229	14.04 
1	748476	474	255	322	228	12.83 
1	748528	474	255	322	228	12.48 
1	748580	472	257	322	228	13.19 
1	748633	474	255	322	228	14.46 
1	748686	474	255	323	227	15.52 
1	748738	474	256	323	228	15.52 
1	748790	472	259	323	229	14.60 
1	748843	474	257	324	228	13.19 
1	748895	474	258	323	229	12.41 
1	748947	474	258	324	228	12.76 
1	748999	474	257	324	229	13.82 
1	749051	474	257	323	229	15.17 
1	749104	474	257	324	228	15.67 
1	749156	475	257	324	228	15.10 
1	749208	475	259	323	229	13.82 
1	749260	474	257	324	228	12.76 
1	749313	474	259	324	228	12.48 
1	749366	474	258	323	229	13.33 
1	749418	475	257	324	229	14.67 
1	749470	474	258	324	228	15.60 
1	749522	473	260	324	229	15.45 
1	749575	473	261	324	228	14.39 
1	749627	475	260	324	228	13.11 
1	749679	473	260	324	228	12.41 
1	749731	475	257	324	228	12.90 
1	749784	475	258	324	229	14.04 
1	749836	475	259	324	228	15.31 
1	749888	475	258	324	229	15.67 
1	749940	475	259	324	228	14.96 
1	749993	475	257	324	229	13.61 
1	750046	475	257	324	228	12.55 
1	750098	475	258	324	229	12.55 
1	750150	475	258	324	229	13.54 
1	750202	475	258	324	229	14.89 
1	750255	475	258	324	228	15.67 
1	750307	474	259	324	229	15.31 
1	750359	473	260	324	229	14.18 
1	750411	475	259	324	228	12.90 
1	750464	476	258	324	228	12.41 
1	750516	475	259	324	229	13.04 
1	750568	476	258	324	229	14.39 
1	750621	476	258	324	229	15.38 
1	750673	475	258	324	229	15.60 
1	750726	475	260	324	229	14.67 
1	750778	476	258	324	229	13.33 
1	750830	476	258	324	229	12.48 
1	750882	476	258	324	230	12.62 
1	750935	474	260	324	229	13.75 
1	750987	476	258	324	229	15.10 
1	751039	474	260	324	230	15.67 
1	751091	474	260	324	229	15.17 
1	751143	476	258	324	230	13.97 
1	751196	476	258	325	229	12.69 
1	751248	475	259	325	229	12.41 
1	751301	476	258	325	229	13.19 
1	751353	476	258	324	230	14.60 
1	751406	476	258	325	229	15.52 
1	751458	476	258	325	229	15.52 
1	751510	475	260	325	229	14.53 
1	751562	475	257	324	230	13.19 
1	751614	474	258	325	229	12.48 
1	751667	475	259	325	229	12.83 
1	751719	474	258	325	229	13.97 
1	751771	474	251	324	229	15.17 
1	751823	474	250	324	228	15.67 
1	751876	474	250	324	230	14.96 
1	751929	474	250	324	229	13.68 
1	751981	474	251	324	229	12.55 
1	752033	474	250	324	229	12.55 
1	752086	474	251	324	230	13.54 
1	752138	474	252	325	229	14.89 
1	752190	472	253	325	229	15.67 
1	752242	472	255	324	230	15.52 
1	752294	474	254	324	229	14.46 
1	752347	470	255	325	230	13.26 
1	752399	477	257	324	229	12.76 
1	752451	479	259	326	230	13.33 
1	752503	474	254	325	230	14.53 
1	752557	477	257	324	229	15.67 
1	752609	476	256	325	230	15.88 
1	752661	473	258	324	229	15.03 
1	752713	474	260	325	229	13.68 
1	752765	478	259	326	230	12.76 
1	752818	477	257	324	228	12.90 
1	752870	473	259	322	228	13.97 
1	752922	474	259	322	229	15.31 
1	752974	473	259	324	230	15.95 
1	753027	474	259	324	230	15.45 
1	753079	477	258	326	230	14.25 
1	753131	476	257	326	230	13.04 
1	753183	476	256	328	231	12.69 
1	753236	477	257	327	231	13.47 
1	753289	475	260	323	229	14.82 
1	753341	477	258	314	222	15.81 
1	753393	474	259	271	191	15.81 
1	753445	475	256	267	189	14.74 
1	753498	475	257	263	185	13.33 
1	753550	467	256	3	1	12.55 
1	753602	465	258	1	1	12.90 
1	753654	467	256	1	1	13.97 
1	753707	468	255	1	0	15.31 
1	753759	471	254	1	0	15.67 
1	753810	470	255	1	0	15.67 
1	753862	468	255	1	0	14.67 
1	753914	474	254	1	0	13.33 
1	753967	474	256	1	0	12.62 
1	754019	472	255	1	0	12.76 
1	754071	474	257	0	0	13.68 
1	754123	475	258	0	1	14.89 
1	754176	474	256	1	0	15.74 
1	754228	475	257	1	0	15.67 
1	754279	474	257	1	0	14.74 
1	754331	475	256	1	0	13.47 
1	754383	475	259	0	1	12.62 
1	754436	474	255	0	0	12.62 
1	754488	470	255	0	0	13.47 
1	754540	470	254	0	0	14.74 
1	754592	468	255	0	0	15.67 
1	754644	463	251	0	0	15.67 
1	754697	463	251	0	0	14.82 
1	754749	464	252	0	0	13.54 
1	754800	464	251	0	0	12.62 
1	754852	463	253	0	0	12.48 
1	754905	428	236	1	0	13.26 
1	754957	430	235	1	0	14.25 
1	755009	436	238	1	0	15.24 
1	755061	433	225	1	0	15.52 
1	755113	435	235	1	1	14.82 
1	755166	437	238	1	1	13.47 
1	755218	430	237	1	0	12.76 
1	755269	430	235	0	0	12.55 
1	755321	426	231	0	0	13.26 
1	755374	425	230	1	0	14.39 
1	755426	425	231	1	1	15.45 
1	755478	423	230	1	1	15.67 
1	755530	425	230	1	1	14.96 
1	755582	425	230	1	1	13.82 
1	755635	425	230	1	1	12.69 
1	755687	423	231	1	1	12.41 
1	755738	425	230	1	1	13.04 
1	755790	425	232	1	1	14.25 
1	755843	425	233	1	1	15.31 
1	755895	427	234	1	0	15.74 
1	755947	420	232	1	0	15.10 
1	755999	418	229	1	0	14.04 
1	756051	414	228	1	0	12.83 
1	756104	410	226	1	0	12.48 
1	756156	399	211	1	0	12.48 
1	756207	9	8	1	1	13.97 
1	756259	10	8	1	1	14.89 
1	756312	10	8	1	0	15.74 
1	756364	10	9	1	1	15.60 
1	756415	11	9	1	1	14.67 
1	756467	9	11	1	0	13.19 
1	756519	10	8	1	0	12.33 
1	756572	7	6	1	0	12.41 
1	756623	3	3	1	0	13.04 
1	756675	8	7	1	0	14.04 
1	756727	6	8	1	0	15.17 
1	756779	6	4	1	0	15.67 
1	756831	4	2	1	0	15.17 
1	756883	3	1	1	0	14.25 
1	756934	3	1	1	1	13.11 
1	756986	3	1	1	1	12.33 
1	757039	3	1	1	1	12.33 
1	757091	2	1	1	1	12.83 
1	757142	2	1	1	1	13.47 
1	757194	6	4	1	1	14.74 
1	757246	10	8	1	2	15.31 
1	757298	10	7	2	1	15.24 
1	757350	9	7	1	1	14.25 
1	757402	8	6	1	0	13.04 
1	757454	7	8	1	0	12.76 
1	757506	10	10	0	1	13.19 
1	757558	12	16	1	0	13.89 
1	757610	13	15	1	1	14.89 
1	757662	11	17	1	1	15.95 
1	757713	13	15	1	2	15.88 
1	757766	12	12	1	1	14.96 
1	757818	11	11	1	2	13.75 
1	757870	12	12	1	2	12.83 
1	757922	12	12	1	2	12.41 
1	757974	10	13	1	1	12.90 
1	758026	9	12	1	1	14.25 
1	758078	9	11	1	1	14.96 
1	758130	9	9	1	1	14.74 
1	758181	11	12	1	1	14.96 
1	758234	10	9	1	1	14.11 
1	758286	8	12	1	1	12.83 
1	758338	10	10	1	1	12.19 
1	758389	9	13	1	1	12.19 
1	758441	11	11	1	1	12.76 
1	758494	12	12	1	1	13.82 
1	758546	12	13	1	1	14.96 
1	758598	12	16	1	1	15.45 
1	758649	13	15	1	1	15.17 
1	758702	13	15	1	2	14.25 
1	758754	13	15	1	2	13.04 
1	758806	12	17	1	2	12.41 
1	758858	14	15	1	2	12.55 
1	758909	15	15	2	1	13.47 
1	758962	15	17	2	2	14.67 
1	759014	17	19	2	2	15.52 
1	759066	21	24	2	2	15.67 
1	759118	23	27	2	4	14.96 
1	759170	28	34	3	4	13.82 
1	759222	38	54	4	5	12.83 
1	759274	49	69	4	6	12.48 
1	759326	58	81	5	7	13.04 
1	759377	64	88	5	7	14.04 
1	759430	67	92	5	8	15.24 
1	759482	70	95	5	8	15.81 
1	759534	71	97	5	8	15.52 
1	759586	71	101	5	8	14.60 
1	759639	71	101	5	8	13.33 
1	759690	72	97	5	8	12.55 
1	759742	72	100	5	8	12.69 
1	759794	72	100	5	8	13.61 
1	759846	73	100	5	8	14.82 
1	759899	73	100	5	8	15.67 
1	759951	73	101	5	8	15.74 
1	760002	73	101	5	8	14.96 
1	760054	73	101	5	8	13.75 
1	760107	73	101	5	8	12.83 
1	760159	74	101	5	8	12.62 
1	760211	73	102	5	8	13.26 
1	760263	73	102	5	8	14.46 
1	760314	74	101	5	8	15.52 
1	760367	74	101	5	8	15.81 
1	760419	74	101	5	8	15.31 
1	760471	74	102	5	8	14.25 
1	760523	74	102	5	8	13.11 
1	760576	73	102	5	8	12.62 
1	760627	74	101	5	8	13.04 
1	760679	74	102	5	8	14.04 
1	760731	74	101	5	8	15.17 
1	760783	74	102	5	8	15.88 
1	760836	73	102	5	8	15.67 
1	760888	74	101	5	8	14.67 
1	760939	74	101	5	8	13.47 
1	760991	74	101	5	8	12.69 
1	761043	73	102	5	8	12.76 
1	761096	74	101	5	8	13.61 
1	761148	73	102	5	8	14.82 
1	761200	73	102	5	8	15.74 
1	761251	74	92	5	8	15.81 
1	761304	73	102	5	8	15.10 
1	761356	73	101	5	8	13.89 
1	761408	73	101	5	8	12.90 
1	761460	73	101	5	8	12.69 
1	761512	73	102	5	8	13.26 
1	761564	73	102	5	8	14.39 
1	761616	73	102	5	8	15.45 
1	761668	74	102	5	8	15.88 
1	761720	74	101	5	8	15.38 
1	761773	74	103	5	8	14.32 
1	761825	75	103	5	8	13.19 
1	761876	74	104	5	8	12.69 
1	761928	74	103	5	8	13.04 
1	761980	74	103	5	8	14.04 
1	762033	77	101	5	8	15.17 
1	762085	74	104	5	8	15.88 
1	762137	74	103	5	8	15.74 
1	762188	74	103	5	8	14.74 
1	762241	74	103	5	8	13.54 
1	762293	74	103	5	8	12.76 
1	762345	75	103	5	8	12.83 
1	762397	74	104	5	8	13.61 
1	762449	75	103	5	8	14.82 
1	762501	74	104	5	8	15.74 
1	762553	75	103	5	8	15.88 
1	762605	75	103	5	8	15.17 
1	762657	75	103	5	8	13.89 
1	762710	75	103	5	8	12.97 
1	762762	74	104	5	8	12.69 
1	762814	74	104	5	8	13.26 
1	762865	75	103	5	8	14.39 
1	762917	74	104	5	8	15.52 
1	762970	74	104	5	8	15.95 
1	763022	75	95	5	8	15.52 
1	763074	75	103	5	8	14.46 
1	763126	75	103	5	8	13.33 
1	763177	75	103	5	8	12.69 
1	763230	75	103	5	8	12.97 
1	763282	75	103	5	8	14.04 
1	763334	75	103	5	8	15.17 
1	763386	75	103	5	8	15.95 
1	763439	75	103	5	8	15.74 
1	763490	74	102	5	8	14.82 
1	763542	75	103	5	8	13.61 
1	763594	75	103	5	8	12.76 
1	763646	75	103	5	8	12.83 
1	763699	75	104	5	9	13.61 
1	763751	74	104	5	8	14.82 
1	763802	75	104	5	8	15.74 
1	763854	75	104	5	9	15.88 
1	763907	76	104	5	9	15.17 
1	763959	75	104	5	9	13.97 
1	764011	75	105	5	9	12.97 
1	764063	76	104	5	9	12.69 
1	764114	75	105	5	9	13.26 
1	764167	76	104	5	9	14.39 
1	764219	77	103	5	9	15.45 
1	764271	76	104	5	9	15.88 
1	764323	76	104	5	8	15.45 
1	764376	75	105	5	9	14.46 
1	764428	76	104	5	9	13.19 
1	764479	75	104	5	8	12.69 
1	764531	73	100	5	8	13.04 
1	764583	66	91	5	8	14.04 
1	764636	58	78	5	7	15.10 
1	764688	50	66	5	7	15.81 
1	764739	45	59	4	7	15.67 
1	764791	30	31	4	6	14.89 
1	764844	23	27	4	5	13.68 
1	764896	18	19	3	4	12.97 
1	764948	17	13	3	3	12.55 
1	764999	14	14	2	3	12.90 
1	765051	14	10	2	2	14.25 
1	765104	13	11	2	1	15.45 
1	765156	13	11	2	1	15.67 
1	765208	13	9	2	2	15.17 
