1	516364	58	40	2582	1745	18.50 
1	516416	60	37	2578	1742	19.49 
1	516468	58	40	2579	1742	20.20 
1	516520	58	39	2572	1739	19.92 
1	516573	58	39	2567	1733	18.93 
1	516625	58	39	2567	1734	17.72 
1	516677	58	39	2572	1739	17.08 
1	516729	57	40	2568	1734	17.37 
1	516782	58	40	2572	1736	18.29 
1	516834	58	39	2566	1731	19.21 
1	516886	58	39	2563	1733	19.35 
1	516938	58	39	2561	1731	18.64 
1	516992	58	39	2556	1728	17.37 
1	517044	58	39	2554	1727	16.45 
1	517096	58	39	2549	1722	16.38 
1	517148	58	38	2548	1722	17.16 
1	517200	57	39	2533	1718	18.22 
1	517253	58	38	2527	1708	18.79 
1	517305	58	38	2512	1701	18.36 
1	517357	58	38	2509	1699	17.23 
1	517409	58	38	2509	1693	16.16 
1	517462	58	37	2514	1702	15.67 
1	517514	58	36	2515	1701	16.23 
1	517566	58	38	2513	1701	17.30 
1	517619	58	38	2506	1694	18.08 
1	517671	58	38	2501	1691	18.08 
1	517724	58	37	2501	1691	17.16 
1	517776	58	37	2503	1692	16.02 
1	517828	58	38	2496	1688	15.24 
1	517880	58	37	2501	1691	15.45 
1	517933	58	38	2522	1704	16.52 
1	517985	58	38	2514	1711	17.58 
1	518037	58	39	2522	1704	17.86 
1	518089	58	39	2520	1704	17.16 
1	518141	58	39	2525	1707	15.88 
1	518194	58	40	2531	1714	14.82 
1	518247	58	40	2530	1713	14.82 
1	518299	58	41	2534	1720	15.67 
1	518351	58	42	2535	1715	16.94 
1	518404	59	41	2535	1713	17.58 
1	518456	58	42	2528	1716	17.16 
1	518508	59	42	2533	1715	15.95 
1	518560	59	42	2529	1709	14.74 
1	518612	59	42	2523	1706	14.32 
1	518665	59	42	2525	1707	14.96 
1	518717	59	42	2528	1720	16.16 
1	518769	59	43	2534	1716	17.16 
1	518821	59	43	2538	1717	17.08 
1	518875	59	43	2536	1715	16.16 
1	518927	59	43	2532	1714	14.82 
1	518979	60	43	2538	1717	14.11 
1	519031	59	44	2541	1719	14.39 
1	519084	60	43	2542	1716	15.38 
1	519136	60	43	2542	1718	16.59 
1	519188	60	44	2546	1722	17.01 
1	519240	60	44	2545	1721	16.38 
1	519292	60	44	2547	1722	15.10 
1	519345	62	42	2548	1726	14.11 
1	519397	60	44	2545	1722	14.04 
1	519449	60	44	2541	1718	14.74 
1	519502	60	44	2546	1720	16.02 
1	519555	60	43	2544	1721	16.80 
1	519607	60	43	2538	1718	16.59 
1	519659	60	43	2539	1718	15.45 
1	519711	60	44	2550	1724	14.25 
1	519763	60	43	2550	1723	13.68 
1	519816	59	44	2538	1722	14.18 
1	519868	60	43	2547	1723	15.38 
1	519920	60	41	2545	1723	16.45 
1	519972	60	43	2542	1721	16.59 
1	520025	60	43	2542	1721	15.81 
1	520077	60	43	2545	1721	14.53 
1	520130	60	43	2546	1721	13.61 
1	520182	59	43	2547	1723	13.75 
1	520235	60	43	2546	1723	14.74 
1	520287	60	43	2542	1726	15.95 
1	520339	59	44	2551	1727	16.52 
1	520391	59	43	2551	1727	16.09 
1	520443	60	42	2552	1726	14.96 
1	520496	59	43	2550	1728	13.75 
1	520548	60	42	2554	1725	13.47 
1	520600	59	43	2547	1728	14.18 
1	520652	59	43	2551	1728	15.45 
1	520705	59	43	2555	1725	16.38 
1	520758	59	43	2555	1728	16.30 
1	520810	59	43	2548	1731	15.38 
1	520862	59	43	2554	1728	14.11 
1	520914	60	43	2555	1727	13.40 
1	520967	59	43	2557	1730	13.75 
1	521019	59	43	2554	1735	14.82 
1	521071	59	43	2560	1731	15.95 
1	521123	62	41	2560	1732	16.38 
1	521176	60	43	2560	1734	15.67 
1	521228	60	43	2560	1737	14.46 
1	521280	60	40	2561	1743	13.47 
1	521332	60	42	2561	1739	13.40 
1	521385	59	43	2569	1741	14.32 
1	521438	59	43	2561	1738	15.52 
1	521490	60	43	2563	1735	16.30 
1	521542	60	43	2566	1736	15.95 
1	521594	59	43	2558	1737	14.82 
1	521647	60	42	2560	1731	13.68 
1	521699	60	42	2563	1737	13.26 
1	521751	59	43	2563	1734	13.82 
1	521803	60	42	2563	1733	15.03 
1	521856	60	42	2563	1736	16.02 
1	521908	60	42	2561	1730	16.16 
1	521960	60	42	2559	1734	15.31 
1	522013	59	43	2561	1731	13.97 
1	522065	60	43	2563	1734	13.19 
1	522118	60	43	2560	1731	13.47 
1	522170	60	43	2560	1734	14.46 
1	522222	60	43	2561	1732	15.74 
1	522274	59	44	2553	1737	16.23 
1	522327	59	43	2553	1726	15.67 
1	522379	59	43	2552	1724	14.39 
1	522431	59	43	2545	1722	13.40 
1	522483	59	43	2541	1721	13.19 
1	522535	60	42	2536	1716	13.97 
1	522588	59	43	2537	1716	15.31 
1	522641	59	43	2536	1716	16.09 
1	522693	59	43	2540	1719	15.95 
1	522745	59	43	2543	1720	14.89 
1	522798	60	42	2536	1715	13.68 
1	522850	59	42	2519	1700	13.11 
1	522902	58	43	2506	1697	13.47 
1	522954	58	43	2502	1693	14.74 
1	523006	58	42	2511	1701	15.88 
1	523059	59	42	2515	1702	16.09 
1	523111	59	42	2513	1703	15.31 
1	523163	58	43	2514	1702	14.04 
1	523215	59	42	2516	1701	13.19 
1	523269	59	42	2518	1704	13.26 
1	523321	59	42	2508	1708	14.25 
1	523373	59	42	2509	1695	15.52 
1	523425	59	42	2512	1695	16.09 
1	523478	58	43	2504	1695	15.60 
1	523530	58	42	2495	1690	14.53 
1	523582	59	42	2508	1698	13.40 
1	523634	58	43	2510	1702	13.11 
1	523686	58	43	2513	1703	13.82 
1	523739	58	43	2516	1701	15.03 
1	523791	58	42	2517	1703	15.95 
1	523843	58	43	2512	1704	15.95 
1	523896	58	40	2509	1696	15.03 
1	523949	59	40	2511	1705	13.75 
1	524001	58	43	2514	1707	13.11 
1	524053	58	43	2515	1701	13.47 
1	524105	59	42	2517	1703	14.53 
1	524157	58	42	2557	1726	15.74 
1	524210	61	44	2594	1753	16.09 
1	524262	63	44	2629	1779	15.45 
1	524314	65	49	2645	1789	14.25 
1	524366	67	47	2667	1803	13.33 
1	524419	70	48	2688	1820	13.26 
1	524471	73	50	2706	1829	14.11 
1	524524	77	51	2707	1833	15.38 
1	524576	81	53	2703	1835	16.09 
1	524628	88	54	2716	1840	15.88 
1	524681	91	58	2712	1841	14.82 
1	524733	96	61	2712	1843	13.61 
1	524785	102	64	2722	1843	13.19 
1	524837	108	67	2727	1845	13.75 
1	524890	113	70	2723	1846	14.96 
1	524942	120	73	2738	1852	16.02 
1	524994	126	76	2736	1854	16.09 
1	525047	133	80	2743	1864	15.10 
1	525100	139	83	2797	1892	13.82 
1	525152	148	87	2851	1933	13.11 
1	525204	156	92	2879	1948	13.54 
1	525256	170	101	2884	1954	14.74 
1	525308	177	105	2879	1950	15.95 
1	525362	184	108	2878	1949	16.23 
1	525414	190	111	2888	1954	15.45 
1	525466	195	114	2885	1955	14.11 
1	525518	201	118	2899	1966	13.26 
1	525571	206	120	2890	1960	13.54 
1	525623	213	121	2842	1928	14.67 
1	525676	218	126	2836	1921	15.95 
1	525728	220	127	2847	1933	16.23 
1	525780	225	130	2907	1971	15.52 
1	525833	228	130	2877	1953	14.18 
1	525885	229	130	2811	1907	13.26 
1	525937	231	131	2800	1904	13.33 
1	525990	237	135	2883	1958	14.53 
1	526043	241	134	2898	1971	15.74 
1	526095	242	135	2844	1932	16.23 
1	526147	245	136	2847	1934	15.52 
1	526199	248	138	2836	1928	14.25 
1	526253	254	142	2831	1925	13.26 
1	526305	257	144	2831	1922	13.47 
1	526357	259	147	2836	1922	14.53 
1	526409	259	146	2843	1935	15.81 
1	526461	259	147	2829	1919	16.23 
1	526514	260	146	2817	1912	15.60 
1	526567	261	147	2817	1912	14.32 
1	526619	262	147	2817	1915	13.33 
1	526671	266	144	2826	1918	13.33 
1	526724	266	146	2840	1924	14.39 
1	526776	266	147	2850	1938	15.67 
1	526829	268	149	2854	1943	16.16 
1	526881	269	151	2869	1949	15.60 
1	526934	271	152	2886	1960	14.32 
1	526986	273	152	2899	1974	13.33 
1	527038	275	153	2911	1984	13.26 
1	527090	274	153	2925	1987	14.25 
1	527143	275	158	2934	1993	15.52 
1	527196	279	154	2943	2002	16.16 
1	527248	281	157	2956	2004	15.67 
1	527300	283	157	2963	2011	14.46 
1	527352	284	158	2963	2013	13.33 
1	527405	285	158	2973	2020	13.19 
1	527458	286	158	2985	2021	14.11 
1	527510	287	160	2990	2035	15.38 
1	527562	289	159	3007	2044	16.09 
1	527614	287	161	3018	2048	15.67 
1	527667	291	160	3031	2062	14.46 
1	527720	292	162	3043	2070	13.33 
1	527772	296	159	3051	2072	13.19 
1	527824	296	161	3054	2076	14.04 
1	527877	296	162	3065	2083	15.38 
1	527929	296	164	3072	2089	16.09 
1	527981	297	167	3085	2094	15.74 
1	528034	297	167	3087	2100	14.60 
1	528087	298	166	3092	2098	13.40 
1	528139	297	165	3093	2100	13.11 
1	528191	300	166	3103	2106	13.89 
1	528243	301	166	3105	2110	15.24 
1	528296	302	167	3112	2116	16.02 
1	528349	303	167	3124	2120	15.81 
1	528401	302	168	3129	2128	14.67 
1	528453	305	168	3134	2132	13.47 
1	528505	305	169	3141	2134	13.11 
1	528558	306	169	3145	2136	13.82 
1	528611	307	169	3144	2138	15.10 
1	528663	307	170	3150	2141	16.02 
1	528715	308	170	3157	2147	15.88 
1	528768	309	171	3165	2148	14.74 
1	528820	310	171	3166	2153	13.54 
1	528872	308	173	3161	2159	13.11 
1	528925	312	171	3174	2154	13.75 
1	528977	310	171	3182	2163	15.03 
1	529030	311	172	3185	2169	16.02 
1	529082	313	173	3197	2170	15.81 
1	529134	314	173	3202	2174	14.82 
1	529187	315	173	3207	2184	13.61 
1	529240	314	179	3208	2188	13.11 
1	529292	314	177	3217	2179	13.68 
1	529344	314	177	3214	2179	14.96 
1	529396	316	177	3219	2187	15.95 
1	529448	316	177	3223	2196	15.95 
1	529502	316	177	3231	2198	14.96 
1	529554	319	176	3238	2200	13.68 
1	529606	317	176	3237	2201	13.04 
1	529658	317	177	3236	2198	13.61 
1	529711	317	175	3229	2196	14.89 
1	529764	317	176	3237	2202	15.95 
1	529816	317	176	3238	2202	15.95 
1	529868	318	177	3245	2207	15.03 
1	529921	319	176	3248	2212	13.75 
1	529973	319	177	3250	2209	13.04 
1	530025	321	177	3246	2212	13.47 
1	530078	320	180	3253	2212	14.74 
1	530130	320	177	3256	2219	15.88 
1	530183	322	177	3261	2218	16.02 
1	530235	321	179	3265	2218	15.17 
1	530287	324	176	3267	2222	13.82 
1	530339	324	175	3264	2223	13.11 
1	530393	324	177	3274	2231	13.47 
1	530445	324	177	3282	2230	14.60 
1	530497	324	180	3285	2235	15.81 
1	530549	324	179	3294	2241	16.02 
1	530601	324	182	3294	2246	15.24 
1	530655	326	180	3307	2242	13.89 
1	530707	324	180	3306	2249	13.04 
1	530759	325	181	3318	2260	13.33 
1	530811	326	180	3324	2268	14.46 
1	530864	326	182	3341	2269	15.67 
1	530916	327	182	3341	2274	16.02 
1	530969	327	182	3347	2280	15.31 
1	531021	327	181	3349	2279	14.04 
1	531074	328	183	3354	2277	13.19 
1	531126	328	183	3353	2278	13.26 
1	531178	327	184	3356	2280	14.25 
1	531230	328	183	3346	2279	15.60 
1	531283	327	182	3348	2278	16.02 
1	531336	328	183	3351	2279	15.38 
1	531388	328	181	3357	2285	14.11 
1	531440	330	182	3362	2281	13.11 
1	531492	329	181	3365	2289	13.26 
1	531546	329	184	3368	2288	14.32 
1	531598	330	181	3366	2289	15.52 
1	531650	330	184	3370	2289	16.02 
1	531702	331	184	3372	2298	15.45 
1	531755	331	183	3383	2302	14.18 
1	531807	331	184	3387	2305	13.19 
1	531860	332	184	3389	2309	13.19 
1	531912	332	190	3397	2309	14.18 
1	531964	333	187	3395	2310	15.45 
1	532017	334	188	3399	2313	16.02 
1	532069	334	186	3401	2311	15.45 
1	532122	334	188	3398	2309	14.25 
1	532174	336	186	3404	2315	13.19 
1	532227	335	185	3412	2323	13.11 
1	532279	336	187	3419	2323	14.11 
1	532331	336	188	3429	2327	15.38 
1	532383	337	189	3435	2339	16.02 
1	532436	339	189	3452	2349	15.60 
1	532489	338	189	3467	2367	14.39 
1	532541	338	188	3468	2357	13.26 
1	532593	338	187	3467	2358	13.04 
1	532645	338	186	3470	2364	13.97 
1	532698	338	187	3472	2362	15.24 
1	532751	340	188	3476	2364	15.95 
1	532803	339	190	3482	2364	15.52 
1	532855	322	177	3667	2492	14.46 
1	532908	269	149	3860	2624	13.19 
1	532960	206	118	4036	2736	12.83 
1	533013	148	86	4124	2798	13.61 
1	533065	107	66	4049	2744	14.82 
1	533117	81	53	3883	2636	15.60 
1	533170	67	47	3491	2364	15.31 
1	533222	59	41	3108	2102	14.25 
1	533274	54	39	2928	1980	13.04 
1	533326	53	37	2689	1821	12.62 
1	533379	52	37	2521	1714	13.11 
1	533431	51	37	2423	1640	14.32 
1	533483	50	36	2280	1551	15.38 
1	533535	49	36	2159	1461	15.60 
1	533588	48	36	2035	1378	14.82 
1	533641	48	36	1954	1324	13.61 
1	533693	48	36	1956	1331	12.76 
1	533745	50	34	1940	1313	12.90 
1	533797	48	36	1944	1316	13.97 
1	533850	50	35	1936	1310	15.17 
1	533902	48	37	1930	1303	15.74 
1	533954	48	37	1921	1308	15.31 
1	534006	47	37	1819	1233	14.18 
1	534059	47	37	1813	1229	13.11 
1	534111	47	37	1817	1232	12.83 
1	534163	47	37	1792	1220	13.54 
1	534216	49	35	1800	1228	14.82 
1	534268	47	34	1797	1217	15.74 
1	534321	49	32	1787	1210	15.67 
1	534373	47	34	1789	1210	14.67 
1	534425	47	35	1779	1206	13.47 
1	534477	47	37	1769	1206	12.83 
1	534530	47	37	1769	1198	13.26 
1	534582	47	34	1762	1198	14.39 
1	534634	46	32	1753	1187	15.45 
1	534686	46	34	1745	1187	15.88 
1	534738	46	35	1740	1184	15.24 
1	534791	46	37	1737	1184	13.97 
1	534844	47	37	1749	1186	13.04 
1	534896	46	38	1739	1184	13.04 
1	534948	46	34	1728	1177	13.89 
1	535001	47	34	1724	1180	15.24 
1	535053	46	35	1728	1175	15.88 
1	535105	46	34	1722	1167	15.60 
1	535157	46	34	1718	1164	14.53 
1	535209	46	34	1710	1164	13.33 
1	535262	46	34	1708	1161	12.97 
1	535314	46	34	1698	1154	13.54 
1	535366	46	34	1693	1147	14.74 
1	535418	46	34	1686	1149	15.81 
1	535472	46	34	1687	1143	15.88 
1	535524	46	33	1679	1137	15.03 
1	535576	46	33	1673	1133	13.75 
1	535628	46	33	1668	1130	12.97 
1	535681	45	34	1671	1132	13.19 
1	535733	46	34	1679	1139	14.18 
1	535785	46	34	1678	1138	15.45 
1	535837	46	34	1673	1135	15.95 
1	535889	45	34	1668	1129	15.45 
1	535942	46	33	1665	1131	14.25 
1	535994	45	33	1649	1122	13.26 
1	536046	44	33	1638	1114	13.04 
1	536099	44	33	1632	1111	13.82 
1	536152	44	32	1630	1105	15.10 
1	536204	44	32	1618	1102	15.88 
1	536256	44	32	1616	1102	15.81 
1	536308	44	32	1612	1098	14.82 
1	536360	46	30	1614	1098	13.54 
1	536413	44	32	1609	1096	13.04 
1	536465	44	32	1603	1090	13.47 
1	536517	43	32	1596	1078	14.60 
1	536569	44	32	1580	1084	15.67 
1	536622	44	32	1601	1085	15.95 
1	536674	43	32	1577	1071	15.17 
1	536727	43	32	1577	1069	13.97 
1	536779	43	31	1576	1062	13.19 
1	536832	42	30	1563	1064	13.26 
1	536884	40	29	1572	1065	14.25 
1	536936	39	26	1559	1055	15.52 
1	536988	39	23	1563	1058	16.16 
1	537040	37	24	1555	1061	15.88 
1	537093	37	24	1632	1104	14.82 
1	537145	38	21	1730	1177	13.82 
1	537197	36	23	1878	1271	13.47 
1	537249	36	23	1865	1261	14.18 
1	537302	37	23	1852	1251	15.31 
1	537355	37	23	1690	1141	16.16 
1	537407	35	23	1355	927	16.09 
1	537459	33	22	1268	853	15.24 
1	537511	37	21	1600	1085	14.11 
1	537564	37	23	1721	1180	13.40 
1	537616	37	24	1691	1148	13.68 
1	537668	37	23	1681	1139	14.67 
1	537720	39	22	1660	1121	15.74 
1	537773	37	24	1639	1106	16.09 
1	537825	37	24	1600	1080	15.45 
1	537877	37	23	1584	1073	14.32 
1	537929	37	23	1587	1073	13.40 
1	537981	37	23	1599	1081	13.33 
1	538035	37	23	1614	1089	14.11 
1	538087	38	22	1558	1060	15.31 
1	538139	39	21	1572	1060	16.02 
1	538191	36	23	1560	1066	15.81 
1	538244	36	23	1603	1082	14.74 
1	538296	36	23	1626	1105	13.75 
1	538348	37	23	1642	1110	13.33 
1	538400	36	23	1650	1127	13.75 
1	538452	39	21	1674	1130	14.89 
1	538505	37	23	1658	1121	15.81 
1	538557	37	23	1631	1108	16.02 
1	538609	36	23	1595	1076	15.24 
1	538662	36	23	1577	1064	14.04 
1	538715	38	21	1582	1069	13.33 
1	538767	36	23	1574	1062	13.47 
1	538819	36	23	1560	1053	14.39 
1	538871	36	22	1544	1041	15.52 
1	538924	36	22	1522	1027	16.02 
1	538976	37	21	1496	1011	15.52 
1	539028	35	22	1461	986	14.53 
1	539080	35	22	1449	979	13.47 
1	539132	37	20	1433	971	13.26 
1	539185	36	20	1401	948	13.89 
1	539237	34	22	1349	913	15.03 
1	539289	33	23	1281	866	15.88 
1	539341	33	23	1220	824	15.88 
1	539394	32	24	1136	773	15.10 
1	539446	34	19	1062	724	13.97 
1	539498	32	20	966	656	13.26 
1	539550	31	20	893	608	13.40 
1	539602	30	20	799	545	14.32 
1	539655	29	19	715	483	15.38 
1	539707	28	19	615	419	15.95 
1	539759	28	18	519	350	15.60 
1	539811	28	17	425	295	14.67 
1	539864	28	16	368	246	13.61 
1	539916	28	16	318	216	13.19 
1	539968	28	16	285	200	13.54 
1	540020	28	16	271	187	14.60 
1	540072	28	15	254	179	15.60 
1	540125	28	15	233	159	15.95 
1	540177	28	14	210	149	15.38 
1	540229	28	14	187	137	14.25 
1	540281	30	12	173	119	13.40 
1	540334	30	13	164	113	13.19 
1	540386	28	14	159	107	13.82 
1	540438	28	14	154	106	14.96 
1	540490	30	12	153	102	15.81 
1	540542	30	12	148	102	15.88 
1	540595	30	12	146	98	15.10 
1	540647	30	11	144	102	13.97 
1	540699	28	14	146	99	13.19 
1	540751	28	14	146	100	13.26 
1	540804	30	12	143	100	14.04 
1	540856	30	12	140	103	15.17 
1	540908	26	16	142	95	15.88 
1	540960	30	12	140	96	15.74 
1	541012	26	15	139	98	14.89 
1	541065	24	15	136	95	13.75 
1	541117	27	14	134	92	13.19 
1	541169	27	14	130	91	13.26 
1	541221	24	18	129	90	14.18 
1	541274	25	17	127	94	15.31 
1	541326	24	17	131	90	15.88 
1	541377	27	12	133	97	15.67 
1	541429	27	14	143	101	14.74 
1	541481	30	13	198	141	13.68 
1	541534	29	19	631	434	13.11 
1	541586	32	24	1199	817	13.40 
1	541638	33	23	1336	910	14.39 
1	541690	35	21	1387	943	15.45 
1	541744	33	21	1396	953	15.88 
1	541796	34	22	1408	953	15.38 
1	541848	34	24	1414	957	14.32 
1	541900	34	22	1423	965	13.33 
1	541953	34	24	1443	974	13.11 
1	542005	34	23	1454	980	13.82 
1	542057	34	23	1463	988	14.96 
1	542109	34	23	1463	994	15.81 
1	542161	35	22	1465	997	15.74 
1	542214	34	24	1474	995	14.89 
1	542266	37	20	1480	999	13.75 
1	542318	34	23	1474	1008	13.11 
1	542370	35	22	1482	1006	13.33 
1	542423	37	20	1493	1008	14.46 
1	542475	35	23	1500	1015	15.52 
1	542527	35	23	1506	1019	15.88 
1	542579	35	20	1511	1021	15.38 
1	542631	35	23	1509	1027	14.25 
1	542685	35	23	1512	1021	13.26 
1	542737	35	23	1509	1026	13.19 
1	542789	35	23	1512	1022	14.04 
1	542841	37	21	1510	1026	15.17 
1	542894	35	23	1509	1024	15.88 
1	542946	37	21	1508	1024	15.67 
1	542998	35	23	1501	1022	14.67 
1	543050	37	21	1496	1026	13.61 
1	543102	37	20	1500	1011	13.11 
1	543155	35	22	1494	1009	13.61 
1	543207	35	23	1490	1007	14.67 
1	543259	35	22	1457	985	15.74 
1	543311	37	21	1401	948	15.88 
1	543365	34	23	1310	883	15.17 
1	543417	33	23	1223	826	14.04 
1	543469	35	22	1116	757	13.26 
1	543521	32	24	1030	702	13.26 
1	543574	34	19	986	666	14.11 
1	543626	32	18	943	639	15.24 
1	543678	32	20	907	612	15.81 
1	543730	31	20	881	595	15.74 
1	543782	33	18	850	576	14.82 
1	543835	31	20	814	561	13.68 
1	543887	30	20	803	543	13.11 
1	543939	30	19	806	542	13.47 
1	543991	30	20	820	555	14.46 
1	544044	30	20	830	571	15.52 
1	544096	31	20	887	610	15.95 
1	544148	32	24	1114	772	15.45 
1	544200	36	21	1393	940	14.39 
1	544252	34	22	1404	948	13.40 
1	544305	34	23	1431	967	13.11 
1	544357	37	20	1435	976	13.82 
1	544409	35	22	1440	973	14.89 
1	544461	35	22	1441	974	15.74 
1	544514	37	20	1442	974	15.81 
1	544566	35	22	1444	975	15.03 
1	544618	37	21	1444	976	13.82 
1	544670	35	22	1442	975	13.11 
1	544722	37	21	1446	974	13.26 
1	544775	34	23	1443	975	14.25 
1	544827	35	22	1440	973	15.38 
1	544879	35	22	1473	996	15.95 
1	544931	37	21	1488	1007	15.52 
1	544984	35	22	1470	995	14.53 
1	545036	34	22	1425	963	13.47 
1	545088	34	22	1371	926	13.11 
1	545140	34	22	1305	887	13.68 
1	545192	35	21	1267	852	14.82 
1	545245	34	22	1254	847	15.74 
1	545297	33	23	1220	830	15.81 
1	545350	35	21	1189	803	15.10 
1	545402	34	23	1145	773	13.97 
1	545455	34	23	1112	751	13.19 
1	545507	32	20	1069	723	13.26 
1	545559	32	24	1025	692	14.18 
1	545611	32	20	997	674	15.31 
1	545664	32	20	982	662	15.88 
1	545716	33	19	926	638	15.60 
1	545768	33	18	889	599	14.67 
1	545820	32	18	849	580	13.61 
1	545872	30	20	819	551	13.11 
1	545925	31	19	798	540	13.47 
1	545977	32	18	777	539	14.53 
1	546029	32	18	781	528	15.45 
1	546081	32	17	761	520	15.88 
1	546134	32	17	749	509	15.38 
1	546186	31	20	817	555	14.32 
1	546238	35	23	1173	793	13.33 
1	546290	34	22	1458	991	12.97 
1	546342	35	22	1478	998	13.33 
1	546395	35	23	1400	947	14.18 
1	546447	35	22	1434	987	15.03 
1	546499	36	24	1427	965	15.24 
1	546551	37	26	1435	972	14.46 
1	546604	38	26	1438	979	13.26 
1	546656	38	26	1439	978	12.48 
1	546708	42	26	1442	975	12.69 
1	546760	40	28	1440	975	13.75 
1	546812	39	28	1441	971	15.03 
1	546865	39	27	1445	979	15.67 
1	546917	40	24	1441	982	15.24 
1	546969	38	26	1445	979	14.18 
1	547021	40	24	1445	979	13.11 
1	547074	41	25	1438	973	12.76 
1	547126	41	26	1397	949	13.33 
1	547178	39	27	1408	952	14.53 
1	547230	39	27	1393	942	15.60 
1	547282	39	27	1370	925	15.81 
1	547335	40	26	1356	924	15.10 
1	547387	40	26	1334	910	13.89 
1	547439	40	26	1328	906	13.04 
1	547491	39	27	1335	909	13.11 
1	547545	41	25	1334	906	14.04 
1	547597	41	24	1323	900	15.24 
1	547649	39	26	1312	892	15.95 
1	547701	40	26	1298	879	15.74 
1	547753	39	26	1300	879	14.74 
1	547806	38	26	1314	900	13.61 
1	547858	37	25	1406	957	13.04 
1	547910	37	25	1500	1017	13.54 
1	547962	39	22	1582	1067	14.67 
1	548015	37	25	1615	1087	15.74 
1	548067	37	25	1596	1083	16.02 
1	548119	37	26	1579	1063	15.31 
1	548171	38	25	1485	1010	14.04 
1	548224	38	25	1458	985	13.19 
1	548276	39	24	1450	987	13.19 
1	548328	40	24	1471	995	14.11 
1	548380	38	26	1479	995	15.38 
1	548432	37	26	1483	1004	16.02 
1	548486	37	26	1487	1008	15.81 
1	548538	37	26	1532	1035	14.74 
1	548590	38	25	1682	1136	13.61 
1	548642	40	24	1733	1172	13.11 
1	548695	39	27	1785	1210	13.68 
1	548747	40	26	1790	1210	14.96 
1	548799	40	27	1780	1200	15.95 
1	548851	41	27	1726	1166	16.09 
1	548903	41	28	1686	1138	15.31 
1	548956	41	28	1639	1104	14.04 
1	549008	41	28	1623	1094	13.26 
1	549060	41	28	1609	1087	13.40 
1	549113	41	28	1614	1088	14.39 
1	549166	41	28	1602	1080	15.60 
1	549218	43	26	1601	1078	16.16 
1	549270	41	28	1581	1066	15.74 
1	549322	42	27	1574	1059	14.60 
1	549374	43	26	1559	1058	13.47 
1	549427	42	27	1536	1041	13.19 
1	549479	41	28	1528	1031	13.89 
1	549531	42	27	1520	1037	15.10 
1	549583	43	26	1520	1025	16.02 
1	549636	41	28	1498	1015	15.95 
1	549688	42	28	1492	1006	15.03 
1	549740	43	26	1479	997	13.75 
1	549793	42	28	1452	985	13.11 
1	549846	41	28	1441	978	13.40 
1	549898	41	28	1420	959	14.46 
1	549950	41	28	1406	949	15.60 
1	550002	41	28	1388	936	16.09 
1	550054	43	26	1357	922	15.60 
1	550107	41	28	1329	897	14.46 
1	550159	41	28	1292	881	13.40 
1	550211	41	28	1261	855	13.11 
1	550263	42	27	1237	841	13.82 
1	550316	41	28	1245	843	14.96 
1	550368	42	29	1279	864	15.95 
1	550420	43	28	1495	1009	15.88 
1	550472	40	27	1817	1223	14.96 
1	550524	42	25	1505	1020	13.75 
1	550577	40	27	1623	1097	12.97 
1	550629	40	27	1557	1059	13.26 
1	550681	40	27	1574	1071	14.25 
1	550733	40	27	1580	1070	15.45 
1	550787	40	27	1560	1063	15.95 
1	550839	40	27	1564	1058	15.38 
1	550891	40	27	1571	1069	14.18 
1	550943	40	27	1561	1064	13.26 
1	550995	40	28	1630	1102	13.04 
1	551048	40	27	1765	1199	13.89 
1	551100	40	27	1852	1251	15.17 
1	551152	40	25	1845	1245	16.02 
1	551204	41	28	1760	1184	15.88 
1	551257	42	27	1650	1115	14.89 
1	551309	42	27	1582	1069	13.68 
1	551361	41	28	1527	1030	13.11 
1	551414	41	28	1502	1012	13.54 
1	551467	41	28	1454	982	14.60 
1	551519	41	28	1396	951	15.81 
1	551571	43	26	1307	881	16.02 
1	551623	43	25	1233	833	15.45 
1	551675	43	25	1159	780	14.25 
1	551728	41	28	1098	753	13.19 
1	551780	43	25	1049	705	13.19 
1	551832	41	27	1017	686	13.89 
1	551884	41	28	982	668	15.17 
1	551937	41	28	970	650	16.02 
1	551989	41	28	934	631	15.95 
1	552041	41	28	860	582	15.03 
1	552093	41	27	799	540	13.75 
1	552145	41	27	755	516	13.11 
1	552198	40	28	703	486	13.26 
1	552250	40	28	658	451	14.25 
1	552302	40	28	629	438	15.38 
1	552354	40	27	621	419	16.02 
1	552407	40	27	597	404	15.74 
1	552459	40	26	567	389	14.74 
1	552511	39	27	547	376	13.54 
1	552563	40	27	526	357	13.04 
1	552615	40	27	520	359	13.47 
1	552668	40	27	513	348	14.53 
1	552720	40	27	516	353	15.60 
1	552772	40	27	515	353	16.02 
1	552824	40	27	517	361	15.52 
1	552877	42	25	526	362	14.46 
1	552929	40	27	543	368	13.33 
1	552981	40	27	604	410	13.04 
1	553033	45	26	1272	857	13.61 
1	553085	43	29	1280	878	14.60 
1	553138	40	27	1417	958	15.67 
1	553190	44	26	1506	1016	15.74 
1	553242	42	30	1418	961	14.96 
1	553294	45	27	1526	1040	13.68 
1	553347	42	30	1460	988	12.90 
1	553399	45	29	1519	1028	13.04 
1	553451	43	30	1488	1013	14.04 
1	553503	42	29	1512	1023	15.31 
1	553555	41	27	1511	1022	15.95 
1	553608	42	24	1512	1019	15.67 
1	553660	40	26	1539	1043	14.46 
1	553712	40	26	1525	1038	13.40 
1	553765	40	25	1523	1032	13.11 
1	553818	39	26	1526	1037	13.82 
1	553870	40	25	1521	1028	15.03 
1	553922	42	23	1529	1033	15.88 
1	553974	40	26	1529	1034	15.81 
1	554027	39	26	1519	1036	14.96 
1	554079	39	26	1607	1081	13.82 
1	554131	40	23	1670	1129	13.19 
1	554183	40	25	1587	1076	13.47 
1	554235	39	26	1444	992	14.46 
1	554288	38	25	1383	937	15.52 
1	554340	39	25	1600	1082	15.95 
1	554392	39	25	1549	1046	15.45 
1	554445	39	25	1630	1102	14.25 
1	554498	39	25	1597	1079	13.26 
1	554550	39	25	1586	1074	13.04 
1	554602	41	23	1507	1020	13.89 
1	554654	40	25	1530	1034	15.10 
1	554706	39	25	1680	1145	15.95 
1	554759	40	26	1903	1284	15.88 
1	554811	44	26	1934	1304	14.89 
1	554863	44	29	1904	1282	13.75 
1	554915	45	29	1914	1298	13.11 
1	554968	46	29	1939	1307	13.54 
1	555020	46	30	1957	1316	14.60 
1	555073	46	30	1976	1336	15.74 
1	555125	44	28	2010	1356	15.95 
1	555177	42	27	1671	1130	15.31 
1	555230	40	26	1245	843	14.11 
1	555282	41	23	1166	789	13.19 
1	555334	38	25	1299	880	13.19 
1	555386	38	25	1417	961	13.97 
1	555439	39	24	1485	1005	15.03 
1	555491	38	25	1458	986	15.74 
1	555543	39	24	1465	992	15.67 
1	555595	40	23	1457	992	14.74 
1	555648	38	25	1467	999	13.54 
1	555700	39	24	1463	989	13.04 
1	555752	41	22	1441	981	13.40 
1	555804	38	25	1451	984	14.39 
1	555856	39	24	1472	1002	15.60 
1	555909	38	25	1467	992	15.95 
1	555961	41	22	1478	1005	15.45 
1	556013	39	24	1473	1007	14.32 
1	556066	39	25	1524	1031	13.33 
1	556119	40	25	1710	1157	13.19 
1	556171	41	26	1874	1260	13.97 
1	556223	44	28	1889	1274	15.17 
1	556275	45	29	1910	1296	16.02 
1	556327	46	29	1923	1301	15.88 
1	556380	46	29	1933	1307	14.89 
1	556432	45	29	1939	1307	13.68 
1	556484	46	29	1934	1306	13.11 
1	556536	46	29	1928	1296	13.54 
1	556589	46	29	1918	1299	14.60 
1	556641	46	29	1919	1294	15.67 
1	556694	48	27	1916	1294	16.02 
1	556746	46	30	1920	1297	15.31 
1	556798	46	29	1924	1297	14.11 
1	556851	46	29	1921	1295	13.19 
1	556903	47	27	1918	1294	13.19 
1	556955	47	29	1921	1294	14.11 
1	557007	46	30	1919	1300	15.31 
1	557060	46	29	1941	1315	15.67 
1	557112	42	27	2021	1365	15.31 
1	557164	41	26	1465	991	14.25 
1	557216	44	24	1727	1170	13.19 
1	557268	42	27	1590	1075	12.83 
1	557322	41	27	1622	1097	13.40 
1	557374	41	27	1623	1103	14.60 
1	557426	41	26	1590	1074	15.52 
1	557478	41	26	1620	1096	15.74 
1	557531	41	26	1587	1084	14.96 
1	557583	41	26	1613	1091	13.68 
1	557635	41	26	1595	1077	12.97 
1	557687	41	26	1606	1085	13.26 
1	557740	42	25	1595	1078	14.25 
1	557792	42	27	1740	1180	15.45 
1	557844	44	28	2055	1386	16.09 
1	557896	46	29	2058	1386	15.67 
1	557948	47	30	2021	1365	14.53 
1	558002	47	30	2003	1354	13.47 
1	558054	47	31	2007	1366	13.19 
1	558106	47	31	2009	1354	13.82 
1	558158	49	29	2005	1355	15.03 
1	558211	47	31	1990	1354	15.95 
1	558263	50	29	1987	1344	15.95 
1	558315	48	31	1969	1334	15.03 
1	558367	50	29	1976	1332	13.82 
1	558419	48	31	1978	1334	13.11 
1	558472	48	31	1976	1333	13.40 
1	558524	49	31	1990	1342	14.11 
1	558576	47	30	2137	1443	15.03 
1	558629	42	27	1696	1150	15.52 
1	558682	42	27	1664	1130	14.96 
1	558734	42	27	1584	1071	13.82 
1	558786	42	26	1684	1139	12.83 
1	558838	42	26	1576	1072	12.69 
1	558891	41	27	1654	1121	13.54 
1	558943	42	27	1595	1078	14.82 
1	558995	44	25	1628	1106	15.67 
1	559047	43	27	1604	1082	15.52 
1	559099	43	29	1619	1093	14.60 
1	559152	44	28	1606	1085	13.47 
1	559204	46	28	1763	1201	12.97 
1	559257	46	28	2041	1374	13.47 
1	559309	47	28	2094	1414	14.67 
1	559362	46	31	2031	1372	15.81 
1	559414	47	32	1921	1296	16.16 
1	559466	49	32	1845	1242	15.52 
1	559518	52	33	1869	1262	14.25 
1	559570	52	34	1902	1282	13.33 
1	559623	53	34	1937	1308	13.33 
1	559675	53	35	1964	1325	14.25 
1	559727	54	35	1981	1337	15.45 
1	559779	57	33	2000	1349	16.09 
1	559832	58	33	2012	1353	15.81 
1	559885	60	32	2026	1368	14.74 
1	559937	58	35	2047	1387	13.61 
1	559989	58	34	2069	1393	13.19 
1	560041	58	35	2077	1404	13.75 
1	560094	58	35	2085	1412	14.89 
1	560146	58	35	2081	1403	15.88 
1	560198	58	36	2083	1405	16.02 
1	560250	58	35	2091	1411	15.24 
1	560303	58	35	2098	1411	14.04 
1	560355	58	35	2098	1416	13.26 
1	560407	57	37	2100	1422	13.33 
1	560459	58	36	2107	1421	14.32 
1	560513	58	36	2108	1423	15.52 
1	560565	58	36	2109	1423	16.09 
1	560617	58	36	2108	1430	15.67 
1	560669	58	36	2114	1431	14.53 
1	560721	58	36	2121	1432	13.54 
1	560774	58	36	2124	1431	13.19 
1	560826	58	34	2126	1434	13.82 
1	560878	58	36	2129	1436	15.03 
1	560930	57	37	2123	1446	15.95 
1	560983	58	36	2133	1440	15.95 
1	561035	58	36	2134	1442	15.10 
1	561087	58	36	2130	1443	13.89 
1	561140	58	36	2131	1439	13.40 
1	561192	58	35	2087	1414	13.40 
1	561245	54	36	2253	1529	13.75 
1	561297	49	36	985	670	14.89 
1	561349	49	35	1305	888	15.45 
1	561401	49	31	1477	998	14.89 
1	561454	47	30	1126	763	13.89 
1	561506	47	30	1453	983	12.83 
1	561558	48	30	1209	824	12.69 
1	561610	48	28	1356	918	13.47 
1	561662	49	32	1285	871	14.60 
1	561715	51	33	1515	1031	15.74 
1	561767	50	34	1706	1155	15.81 
1	561819	50	34	1863	1258	15.10 
1	561871	50	35	1992	1344	13.97 
1	561924	50	34	1961	1323	13.19 
1	561976	53	33	1902	1279	13.47 
1	562029	54	34	1918	1294	14.53 
1	562081	54	33	1955	1327	15.74 
1	562134	54	35	1986	1336	16.23 
1	562186	58	32	2007	1354	15.67 
1	562238	58	32	2024	1366	14.53 
1	562290	58	33	2031	1370	13.47 
1	562342	57	34	2028	1368	13.26 
1	562395	58	34	2025	1366	14.04 
1	562447	58	34	2020	1363	15.24 
1	562499	58	34	2024	1367	16.09 
1	562551	58	34	2041	1375	16.02 
1	562604	58	34	2076	1408	15.17 
1	562657	58	35	2204	1488	13.04 
1	562709	53	35	1377	933	12.33 
1	562761	47	32	786	547	13.04 
1	562813	50	34	1644	1112	13.89 
1	562866	49	35	935	634	15.17 
1	562918	49	32	1332	901	15.74 
1	562970	51	35	1477	1002	15.45 
1	563022	51	35	2098	1410	14.32 
1	563075	54	35	2025	1371	13.47 
1	563127	58	34	2089	1416	13.33 
1	563179	58	35	2129	1436	14.04 
1	563231	58	35	2158	1460	15.31 
1	563283	58	35	2194	1480	16.09 
1	563336	58	36	2213	1493	16.02 
1	563388	58	36	2230	1505	15.03 
1	563440	58	37	2241	1512	13.82 
1	563493	58	37	2223	1510	13.26 
1	563546	58	37	2235	1513	13.68 
1	563598	58	37	2253	1528	14.74 
1	563650	58	35	2279	1538	15.74 
1	563702	58	37	2288	1545	16.09 
1	563755	58	37	2288	1545	15.38 
1	563807	58	37	2283	1540	14.18 
1	563859	58	37	2279	1537	13.40 
1	563911	58	37	2284	1540	13.40 
1	563963	58	36	2295	1545	14.25 
1	564016	58	37	2289	1557	15.38 
1	564068	59	37	2292	1550	15.88 
1	564121	58	36	2289	1545	15.74 
1	564173	58	38	2293	1543	14.74 
1	564226	58	37	2294	1548	13.68 
1	564278	58	38	2295	1552	13.26 
1	564330	58	38	2296	1552	13.75 
1	564382	58	38	2294	1545	14.89 
1	564434	58	38	2292	1544	15.81 
1	564487	58	38	2286	1551	15.95 
1	564539	58	38	2283	1549	15.17 
1	564591	59	37	2281	1544	14.04 
1	564643	58	38	2280	1543	13.40 
1	564696	59	38	2298	1555	12.62 
1	564749	58	36	2262	1529	12.76 
1	564801	43	33	324	225	14.82 
1	564853	51	35	1112	754	14.74 
1	564905	53	34	1561	1057	14.67 
1	564958	49	36	704	485	13.75 
1	565010	52	36	1474	997	12.69 
1	565062	52	35	1089	739	12.55 
1	565114	51	36	1197	816	13.19 
1	565167	51	35	1268	866	14.32 
1	565219	51	34	1140	785	15.38 
1	565271	50	35	1290	874	15.67 
1	565323	50	35	1174	800	15.38 
1	565376	50	34	1259	860	14.18 
1	565428	51	34	1315	891	13.33 
1	565480	50	36	1515	1025	13.26 
1	565532	50	35	1849	1248	14.11 
1	565584	51	34	2065	1395	15.45 
1	565637	52	34	2131	1438	16.23 
1	565689	53	35	2103	1418	15.95 
1	565741	56	34	2099	1416	14.96 
1	565794	58	33	2116	1431	13.82 
1	565847	58	34	2137	1441	13.40 
1	565899	58	34	2146	1454	13.89 
1	565951	58	35	2181	1468	14.96 
1	566003	58	36	2200	1485	15.95 
1	566055	58	35	2210	1486	16.09 
1	566108	58	36	2215	1495	15.31 
1	566160	58	36	2227	1502	14.25 
1	566212	58	36	2230	1511	13.47 
1	566264	58	36	2244	1516	13.54 
1	566317	58	36	2247	1516	14.46 
1	566369	58	36	2242	1513	15.52 
1	566422	58	36	2243	1518	16.09 
1	566474	58	37	2249	1518	15.74 
1	566526	58	37	2244	1514	14.67 
1	566579	58	36	2242	1513	13.68 
1	566631	58	36	2241	1514	13.33 
1	566683	58	36	2248	1520	13.97 
1	566735	58	36	2252	1518	15.10 
1	566788	58	36	2263	1526	15.88 
1	566840	58	36	2268	1531	15.95 
1	566892	58	37	2266	1526	15.10 
1	566944	58	36	2266	1525	13.97 
1	566996	58	37	2257	1524	13.33 
1	567050	58	36	2261	1527	13.54 
1	567102	58	36	2267	1531	14.53 
1	567154	58	36	2275	1536	15.60 
1	567206	58	36	2279	1538	15.88 
1	567259	58	36	2282	1539	15.45 
1	567311	58	36	2283	1541	14.46 
1	567363	58	36	2286	1543	13.47 
1	567415	58	36	2289	1548	13.33 
1	567468	58	36	2286	1546	13.97 
1	567520	58	36	2298	1553	15.17 
1	567572	58	36	2303	1555	15.88 
1	567624	58	36	2308	1556	15.81 
1	567677	58	36	2306	1563	14.89 
1	567730	58	36	2300	1560	13.82 
1	567782	58	36	2298	1550	13.19 
1	567834	58	37	2301	1553	13.61 
1	567886	58	37	2297	1552	14.60 
1	567939	58	37	2295	1549	15.60 
1	567991	58	37	2294	1554	15.88 
1	568043	58	37	2301	1557	15.31 
1	568095	58	36	2301	1554	14.18 
1	568147	58	36	2298	1557	13.33 
1	568200	58	36	2302	1555	13.26 
1	568252	58	36	2304	1559	14.11 
1	568305	58	36	2308	1557	15.31 
1	568357	58	36	2313	1561	15.88 
1	568410	58	36	2318	1564	15.81 
1	568462	58	37	2352	1587	14.96 
1	568514	58	35	2355	1589	13.82 
1	568566	58	36	2317	1565	13.26 
1	568619	58	36	2469	1674	13.40 
1	568671	58	33	2502	1695	14.53 
1	568723	58	32	2500	1690	15.52 
1	568775	54	35	2470	1676	15.74 
1	568827	53	34	2363	1600	14.82 
1	568880	52	35	2144	1451	13.82 
1	568933	52	34	2001	1353	13.11 
1	568985	53	35	1753	1192	13.04 
1	569037	53	36	1800	1217	14.11 
1	569090	54	36	1638	1107	15.31 
1	569142	54	38	1562	1058	15.95 
1	569194	55	37	1563	1057	15.45 
1	569246	58	36	1622	1113	14.32 
1	569298	58	36	1673	1133	13.33 
1	569351	53	38	1697	1155	12.62 
1	569403	52	37	1657	1127	13.54 
1	569455	54	34	1707	1159	14.74 
1	569508	53	37	1563	1061	15.74 
1	569561	52	37	1536	1041	15.74 
1	569613	52	37	1570	1065	14.82 
1	569665	53	36	1533	1040	13.68 
1	569717	52	36	1471	1004	13.04 
1	569769	51	36	1343	916	13.26 
1	569822	50	34	1395	954	14.32 
1	569874	51	35	1590	1079	15.45 
1	569926	50	36	1790	1215	15.88 
1	569978	51	35	1965	1339	15.38 
1	570031	51	36	2108	1428	14.32 
1	570083	52	37	2224	1511	13.26 
1	570135	53	36	2219	1508	13.11 
1	570188	53	36	2238	1514	13.82 
1	570241	53	37	2193	1493	15.03 
1	570293	54	36	2202	1494	15.88 
1	570345	54	37	2249	1527	15.74 
1	570397	58	34	2278	1548	14.82 
1	570449	58	34	2289	1550	13.61 
1	570502	58	35	2270	1547	13.04 
1	570554	58	33	2228	1510	13.47 
1	570606	60	33	2147	1452	14.46 
1	570658	58	35	2100	1420	15.60 
1	570711	58	36	2082	1409	15.81 
1	570763	58	36	2072	1400	15.31 
1	570815	60	34	2063	1396	14.04 
1	570868	58	36	2047	1383	13.11 
1	570920	58	36	2053	1388	13.11 
1	570973	58	36	2070	1397	13.97 
1	571025	58	37	2101	1421	15.17 
1	571077	58	37	2126	1444	15.88 
1	571129	58	38	2157	1458	15.67 
1	571182	58	38	2179	1475	14.60 
1	571234	58	38	2189	1482	13.47 
1	571286	58	38	2182	1477	12.97 
1	571338	58	38	2194	1487	13.54 
1	571390	58	38	2195	1485	14.67 
1	571443	58	39	2202	1489	15.67 
1	571496	59	38	2201	1490	15.88 
1	571548	58	39	2212	1507	15.10 
1	571600	58	39	2229	1509	13.82 
1	571653	58	39	2213	1505	13.04 
1	571705	58	39	2210	1492	13.19 
1	571757	58	39	2206	1495	14.18 
1	571809	59	39	2210	1494	15.31 
1	571862	58	39	2214	1498	15.95 
1	571914	58	39	2216	1499	15.52 
1	571966	58	39	2210	1495	14.39 
1	572018	58	39	2182	1474	13.33 
1	572070	58	38	2159	1467	13.04 
1	572124	58	38	2143	1450	13.68 
1	572176	60	36	2161	1462	14.89 
1	572228	58	37	2167	1469	15.81 
1	572280	58	36	2148	1454	15.81 
1	572333	58	35	2141	1449	14.89 
1	572385	58	35	2156	1461	13.68 
1	572437	58	35	2177	1476	13.04 
1	572489	58	35	2180	1485	13.26 
1	572541	58	36	2187	1481	14.32 
1	572594	58	35	2194	1485	15.52 
1	572646	58	35	2198	1488	15.88 
1	572698	57	36	2210	1497	15.38 
1	572751	58	35	2237	1511	14.18 
1	572804	58	36	2265	1529	13.19 
1	572856	58	36	2281	1545	13.04 
1	572908	58	37	2357	1596	13.75 
1	572960	58	38	2550	1728	14.89 
1	573012	58	38	2667	1802	15.52 
1	573065	58	35	2435	1654	15.31 
1	573117	57	35	2303	1561	14.32 
1	573169	54	38	2043	1384	12.90 
1	573221	54	36	1704	1167	12.26 
1	573274	52	36	1457	985	13.04 
1	573326	53	36	1382	938	14.18 
1	573378	52	35	1352	924	15.24 
1	573430	50	35	1335	908	15.52 
1	573484	50	34	1454	987	14.96 
1	573536	50	34	1496	1016	13.75 
1	573588	50	36	1400	952	12.83 
1	573640	50	35	1324	907	12.76 
1	573692	51	35	1415	967	13.54 
1	573745	51	36	1464	999	14.74 
1	573797	53	34	1497	1024	15.52 
1	573849	51	36	1561	1058	15.45 
1	573901	51	33	1590	1086	14.46 
1	573954	51	35	1436	974	13.26 
1	574006	50	35	1290	877	12.69 
1	574058	49	36	1341	921	13.11 
1	574110	49	35	1370	930	14.11 
1	574162	48	32	1355	924	14.82 
1	574215	49	32	1501	1016	14.96 
1	574267	49	32	1510	1019	14.04 
1	574319	48	32	1394	945	13.11 
1	574371	50	35	1446	987	12.05 
1	574424	52	34	1536	1040	11.98 
1	574477	52	35	1452	993	12.55 
1	574529	52	35	1470	995	13.97 
1	574581	52	37	1428	967	14.96 
1	574633	53	36	1421	969	14.96 
1	574686	53	37	1444	978	13.97 
1	574738	53	37	1433	974	12.62 
1	574790	53	38	1440	977	12.05 
1	574842	56	35	1444	985	12.48 
1	574895	54	37	1436	974	13.54 
1	574947	54	37	1438	974	14.67 
1	574999	54	37	1441	972	15.10 
1	575051	53	38	1438	980	14.53 
1	575104	53	37	1437	974	13.40 
1	575156	53	37	1428	977	12.41 
1	575208	54	38	1438	969	12.12 
1	575260	57	35	1438	974	12.83 
1	575312	54	38	1438	974	14.11 
1	575365	54	38	1434	973	15.03 
1	575417	54	38	1436	974	15.10 
1	575469	57	35	1435	975	14.25 
1	575521	54	38	1430	977	13.04 
1	575574	54	38	1434	973	12.26 
1	575626	53	39	1431	976	12.41 
1	575678	54	38	1429	976	13.47 
1	575730	54	38	1434	973	14.67 
1	575782	56	36	1432	972	15.31 
1	575835	54	38	1434	974	14.96 
1	575887	54	38	1437	971	13.82 
1	575939	54	38	1434	974	12.62 
1	575992	54	38	1430	977	12.26 
1	576045	54	39	1429	978	12.90 
1	576097	54	38	1426	966	14.11 
1	576149	54	38	1426	966	15.17 
1	576201	54	39	1425	965	15.31 
1	576253	54	39	1419	968	14.60 
1	576306	54	38	1422	964	13.33 
1	576358	54	39	1422	965	12.48 
1	576410	54	39	1414	970	12.48 
1	576462	54	38	1422	964	13.40 
1	576515	54	39	1421	961	14.67 
1	576567	54	39	1419	962	15.38 
1	576619	57	36	1418	962	15.17 
1	576671	54	39	1412	953	14.18 
1	576723	54	38	1406	954	12.97 
1	576776	54	38	1404	956	12.41 
1	576828	54	39	1406	959	12.76 
1	576880	54	39	1407	961	13.97 
1	576932	54	39	1409	956	15.10 
1	576985	54	39	1410	952	15.45 
1	577037	54	39	1404	957	14.82 
1	577089	54	38	1408	954	13.61 
1	577141	54	38	1407	953	12.62 
1	577193	54	39	1409	954	12.48 
1	577246	54	37	1409	955	13.33 
1	577298	54	39	1408	953	14.53 
1	577350	54	39	1408	952	15.45 
1	577402	54	38	1406	956	15.38 
1	577455	54	39	1408	954	14.46 
1	577507	54	38	1407	952	13.19 
1	577559	54	39	1402	953	12.48 
1	577612	54	39	1406	950	12.83 
1	577665	54	38	1408	951	13.89 
1	577717	57	35	1401	956	15.10 
1	577769	54	39	1402	951	15.60 
1	577821	54	38	1394	944	15.03 
1	577873	54	38	1396	946	13.89 
1	577926	53	39	1391	950	12.76 
1	577978	54	38	1395	945	12.48 
1	578030	53	39	1394	946	13.19 
1	578082	54	38	1390	948	14.39 
1	578135	54	38	1390	948	15.45 
1	578187	53	39	1396	945	15.45 
1	578239	54	38	1389	947	14.67 
1	578291	54	38	1385	951	13.40 
1	578343	56	36	1391	943	12.55 
1	578396	54	38	1419	962	12.69 
1	578448	57	37	1565	1066	13.75 
1	578500	58	37	1715	1167	14.96 
1	578552	58	40	1825	1237	15.67 
1	578605	59	41	1960	1327	15.24 
1	578657	61	42	2080	1409	14.11 
1	578709	62	43	2182	1475	12.97 
1	578761	62	43	2209	1491	12.62 
1	578814	63	43	2184	1485	13.33 
1	578867	62	44	2213	1497	14.53 
1	578919	62	43	2217	1507	15.45 
1	578971	62	43	2216	1509	15.52 
1	579023	62	43	2228	1508	14.53 
1	579076	63	43	2238	1511	13.40 
1	579128	64	43	2330	1595	12.69 
1	579180	65	44	2449	1658	12.97 
1	579232	65	45	2514	1704	14.11 
1	579284	66	47	2578	1748	15.31 
1	579337	67	48	2666	1800	15.81 
1	579389	68	47	2739	1850	15.17 
1	579442	70	47	2802	1898	13.97 
1	579494	71	49	2867	1943	12.97 
1	579547	74	49	2955	2002	12.83 
1	579599	76	50	3003	2034	13.68 
1	579651	79	52	3045	2063	14.96 
1	579703	81	53	3075	2083	15.74 
1	579756	84	53	3089	2097	15.60 
1	579808	88	56	3093	2100	14.53 
1	579860	91	58	3101	2098	13.33 
1	579912	96	60	3105	2107	12.76 
1	579964	105	67	3106	2109	13.26 
1	580017	110	68	3100	2095	14.46 
1	580070	118	68	3085	2095	15.52 
1	580122	122	73	3081	2085	15.74 
1	580174	128	76	3070	2080	14.96 
1	580227	135	80	3062	2076	13.61 
1	580279	140	86	3051	2067	12.83 
1	580331	149	87	3034	2055	13.04 
1	580383	154	93	3018	2043	14.18 
1	580435	164	96	3003	2035	15.38 
1	580489	170	100	3097	2094	15.88 
1	580541	177	105	3172	2145	15.24 
1	580593	183	108	3199	2165	13.89 
1	580645	190	110	3217	2179	12.97 
1	580698	197	114	3255	2207	12.97 
1	580750	206	115	3293	2232	14.04 
1	580803	210	121	3348	2269	15.31 
1	580855	217	124	3371	2293	15.88 
1	580908	223	127	3399	2298	15.31 
1	580960	229	130	3397	2307	14.04 
1	581012	240	135	3378	2294	12.90 
1	581064	244	137	3354	2273	12.90 
1	581117	249	139	3323	2256	13.82 
1	581170	253	143	3312	2250	15.17 
1	581222	257	149	3305	2242	15.88 
1	581274	261	144	3288	2232	15.45 
1	581326	266	144	3273	2217	14.18 
1	581379	267	147	3256	2217	12.97 
1	581432	270	151	3259	2214	12.76 
1	581484	273	151	3272	2218	13.61 
1	581536	276	158	3287	2238	14.96 
1	581588	279	156	3309	2249	15.74 
1	581641	281	158	3333	2265	15.38 
1	581694	285	158	3345	2271	14.25 
1	581746	287	160	3352	2274	13.04 
1	581798	289	159	3356	2276	12.69 
1	581851	291	162	3359	2282	13.54 
1	581903	292	163	3363	2284	14.82 
1	581955	294	161	3370	2290	15.67 
1	582008	296	160	3379	2296	15.52 
1	582061	296	160	3376	2292	14.32 
1	582113	296	161	3384	2294	13.19 
1	582165	294	163	3394	2302	12.83 
1	582217	294	163	3391	2306	13.54 
1	582269	294	163	3399	2305	14.82 
1	582323	298	166	3402	2308	15.67 
1	582375	297	167	3407	2308	15.45 
1	582427	301	166	3420	2321	14.60 
1	582479	299	165	3437	2334	13.82 
1	582532	296	158	3418	2323	12.62 
1	582585	296	166	3401	2317	12.97 
1	582637	297	166	3443	2341	14.11 
1	582689	302	168	3464	2356	15.03 
1	582742	303	172	3573	2430	15.10 
1	582794	308	173	3622	2462	14.11 
1	582846	307	174	3649	2488	12.90 
1	582899	310	176	3562	2422	12.48 
1	582951	308	174	3592	2445	13.04 
1	583004	310	175	3580	2433	14.39 
1	583056	315	180	3638	2470	15.38 
1	583108	320	182	3639	2474	15.52 
1	583160	326	185	3745	2544	14.53 
1	583214	331	189	3959	2702	13.19 
1	583266	335	189	4014	2726	12.55 
1	583318	336	187	3926	2671	12.97 
1	583370	334	186	3911	2657	14.18 
1	583422	335	182	3895	2647	15.24 
1	583475	340	189	3908	2659	15.45 
1	583528	339	191	4035	2745	14.60 
1	583580	332	188	3945	2686	13.33 
1	583632	324	178	3917	2665	12.55 
1	583685	324	179	3878	2639	12.90 
1	583737	324	182	3854	2622	14.04 
1	583789	324	181	3854	2622	15.17 
1	583842	326	181	3853	2621	15.45 
1	583895	325	181	3849	2616	14.67 
1	583947	325	184	3884	2640	13.33 
1	583999	325	181	3871	2632	12.48 
1	584051	327	183	3829	2606	12.69 
1	584104	329	186	3834	2603	13.89 
1	584157	333	187	3850	2619	15.10 
1	584209	331	191	3843	2612	15.45 
1	584261	324	180	3842	2610	14.67 
1	584313	324	176	3840	2613	13.33 
1	584366	324	179	3838	2610	12.48 
1	584419	328	182	3844	2614	12.62 
1	584471	324	181	3794	2578	13.75 
1	584523	319	179	3758	2555	14.96 
1	584576	313	175	3704	2519	15.45 
1	584628	311	173	3707	2522	14.74 
1	584680	309	174	3708	2522	13.47 
1	584733	303	169	3688	2508	12.48 
1	584785	282	160	3670	2498	12.55 
1	584838	275	154	3661	2496	13.61 
1	584890	269	152	3667	2493	14.89 
1	584942	275	156	3671	2495	15.45 
1	584994	289	162	3689	2507	14.82 
1	585048	300	169	3679	2500	13.54 
1	585100	297	167	3658	2487	12.55 
1	585152	289	161	3637	2473	12.48 
1	585204	290	162	3613	2451	13.47 
1	585256	288	162	3585	2437	14.82 
1	585310	270	151	3598	2451	15.38 
1	585362	276	156	3636	2466	14.89 
1	585414	296	168	3644	2476	13.68 
1	585466	295	167	3643	2479	12.55 
1	585519	296	168	3656	2482	12.48 
1	585571	296	168	3682	2502	13.40 
1	585624	296	168	3711	2526	14.67 
1	585676	296	168	3735	2546	15.38 
1	585729	296	163	3735	2534	14.89 
1	585781	294	162	3725	2532	13.75 
1	585833	298	161	3715	2524	12.62 
1	585885	305	166	3695	2511	12.41 
1	585938	318	173	3648	2469	13.26 
1	585991	329	177	3612	2449	14.60 
1	586043	330	176	3600	2441	15.38 
1	586095	330	176	3553	2412	15.03 
1	586147	329	176	3488	2368	13.89 
1	586201	326	176	3485	2365	12.69 
1	586253	325	176	3494	2375	12.41 
1	586305	333	176	3541	2404	13.19 
1	586357	331	177	3574	2424	14.53 
1	586409	337	185	3575	2429	15.31 
1	586462	340	184	3519	2388	15.10 
1	586515	340	182	3546	2403	13.97 
1	586567	335	178	3534	2404	12.76 
1	586619	331	176	3546	2403	12.41 
1	586672	332	177	3553	2408	13.11 
1	586724	335	178	3578	2431	14.39 
1	586776	338	184	3610	2450	15.31 
1	586829	339	181	3660	2484	15.17 
1	586882	319	174	3739	2542	14.04 
1	586934	310	171	3795	2581	12.83 
1	586986	304	169	3833	2605	12.33 
1	587038	303	170	3853	2619	13.04 
1	587090	308	171	3867	2629	14.32 
1	587144	307	172	3877	2636	15.31 
1	587196	309	167	3883	2642	15.24 
1	587248	307	167	3891	2639	14.11 
1	587300	303	164	3879	2631	12.97 
1	587353	296	161	3832	2606	12.41 
1	587406	298	163	3775	2563	12.97 
1	587458	303	163	3748	2552	14.32 
1	587510	304	164	3756	2552	15.31 
1	587563	304	164	3753	2550	15.31 
1	587615	307	166	3757	2550	14.32 
1	587667	307	166	3742	2541	13.04 
1	587720	307	166	3747	2548	12.41 
1	587772	303	165	3746	2542	12.83 
1	587825	296	160	3748	2546	14.11 
1	587877	286	156	3747	2548	15.17 
1	587929	267	146	3751	2546	15.31 
1	587981	260	144	3750	2545	14.46 
1	588035	259	145	3756	2551	13.11 
1	588087	266	149	3732	2530	12.41 
1	588139	309	173	3696	2505	12.83 
1	588191	310	172	3709	2524	13.97 
1	588243	309	173	3712	2525	15.17 
1	588297	313	175	3731	2536	15.38 
1	588349	314	179	3733	2540	14.53 
1	588401	313	174	3799	2581	13.19 
1	588453	309	168	3824	2600	12.48 
1	588506	302	162	3832	2603	12.76 
1	588558	298	158	3824	2601	13.97 
1	588611	296	158	3815	2592	15.17 
1	588663	294	156	3841	2611	15.45 
1	588716	294	158	3804	2583	14.67 
1	588768	298	159	3808	2584	13.26 
1	588820	296	157	3816	2592	12.48 
1	588872	294	154	3810	2587	12.69 
1	588925	296	155	3802	2584	13.89 
1	588978	300	164	3803	2589	15.10 
1	589030	309	173	3792	2578	15.45 
1	589082	310	174	3778	2573	14.74 
1	589134	310	171	3758	2554	13.40 
1	589188	311	176	3732	2533	12.48 
1	589240	309	173	3702	2515	12.69 
1	589292	312	174	3651	2482	13.75 
1	589344	314	179	3466	2353	14.96 
1	589396	310	175	3221	2188	15.38 
1	589449	308	171	3113	2111	14.74 
1	589502	309	171	3172	2149	13.54 
1	589554	306	173	3132	2123	12.55 
1	589606	310	172	3242	2197	12.69 
1	589659	312	176	3202	2173	13.68 
1	589711	313	173	3242	2198	14.96 
1	589763	314	174	3206	2177	15.52 
1	589816	312	173	3433	2335	14.96 
1	589869	318	175	3509	2381	13.68 
1	589921	319	179	3535	2402	12.62 
1	589973	320	178	3539	2401	12.62 
1	590025	310	172	3548	2410	13.61 
1	590077	313	176	3512	2384	14.89 
1	590131	297	167	3399	2311	15.52 
1	590183	288	161	3264	2218	14.96 
1	590235	281	154	3120	2117	13.68 
1	590287	267	148	2817	1915	12.69 
1	590340	254	140	2277	1546	12.55 
1	590393	252	139	2183	1477	13.61 
1	590445	278	157	2222	1509	14.89 
1	590497	324	178	2324	1578	15.52 
1	590550	338	186	2399	1633	15.03 
1	590602	342	193	2422	1647	13.82 
1	590654	343	194	2422	1654	12.76 
1	590707	346	194	2435	1657	12.55 
1	590759	349	197	2420	1646	13.47 
1	590812	347	194	2426	1650	14.82 
1	590864	333	189	2296	1565	15.52 
1	590916	314	174	2176	1477	15.10 
1	590968	279	156	1935	1318	13.89 
1	591022	227	128	1586	1076	12.76 
1	591074	181	107	1279	866	12.55 
1	591126	128	72	1002	679	13.40 
1	591178	111	64	787	540	14.60 
1	591230	99	58	686	466	15.38 
1	591283	88	51	586	401	15.31 
1	591335	74	46	476	325	14.32 
1	591387	66	40	379	266	13.19 
1	591439	60	36	304	210	12.55 
1	591492	58	32	255	179	12.69 
1	591544	52	34	213	147	13.75 
1	591596	50	34	182	126	14.89 
1	591648	49	31	168	117	15.45 
1	591700	51	34	184	127	15.03 
1	591753	58	31	218	156	13.97 
1	591805	65	40	303	207	12.83 
1	591857	109	67	712	484	12.33 
1	591909	268	149	1781	1216	12.90 
1	591962	344	190	2158	1469	14.18 
1	592014	320	177	2101	1425	15.24 
1	592066	302	167	2213	1501	15.38 
1	592119	298	166	2379	1613	14.46 
1	592172	305	169	2409	1635	13.19 
1	592224	324	181	2507	1704	12.55 
1	592276	327	184	2613	1776	12.97 
1	592328	327	182	2632	1788	14.18 
1	592380	325	182	2575	1754	15.17 
1	592434	326	175	2521	1710	15.03 
1	592486	316	177	2435	1655	13.82 
1	592538	319	176	2470	1676	12.41 
1	592590	326	176	2569	1744	11.77 
1	592643	317	175	2514	1704	12.48 
1	592696	315	172	2440	1652	13.97 
1	592748	311	170	2431	1649	15.17 
1	592800	324	176	2614	1773	15.38 
1	592852	325	178	2636	1787	14.53 
1	592905	326	176	2619	1775	13.33 
1	592957	328	179	2675	1814	12.62 
1	593010	327	180	2675	1811	12.97 
1	593062	329	180	2686	1820	14.11 
1	593115	328	181	2707	1837	15.31 
1	593167	329	182	2718	1841	15.60 
1	593219	329	181	2718	1846	14.82 
1	593271	330	181	2728	1853	13.47 
1	593325	330	184	2737	1855	12.55 
1	593377	330	184	2738	1856	12.83 
1	593429	333	182	2738	1854	13.97 
1	593481	330	182	2739	1861	15.17 
1	593533	333	182	2734	1859	15.52 
1	593586	332	188	2748	1864	14.82 
1	593639	332	183	2749	1865	13.47 
1	593691	332	185	2744	1861	12.55 
1	593743	334	183	2742	1858	12.76 
1	593796	331	184	2744	1859	13.89 
1	593848	330	182	2737	1855	15.17 
1	593901	328	183	2712	1840	15.60 
1	593953	326	181	2698	1828	14.89 
1	594006	330	184	2729	1852	13.54 
1	594058	328	181	2710	1839	12.55 
1	594110	327	182	2710	1834	12.62 
1	594162	326	183	2701	1829	13.82 
1	594215	327	183	2708	1835	15.10 
1	594268	327	183	2696	1839	15.60 
1	594320	327	181	2703	1833	14.96 
1	594372	329	184	2704	1834	13.61 
1	594424	329	184	2719	1847	12.62 
1	594477	331	182	2714	1838	12.62 
1	594530	330	182	2711	1839	13.75 
1	594582	328	184	2710	1838	15.03 
1	594634	328	185	2713	1841	15.60 
1	594686	328	184	2706	1847	14.96 
1	594739	329	184	2713	1839	13.68 
1	594791	329	184	2714	1839	12.62 
1	594844	328	182	2715	1840	12.55 
1	594896	331	182	2711	1838	13.61 
1	594949	328	182	2709	1837	14.96 
1	595001	328	183	2706	1838	15.52 
1	595053	333	183	2718	1845	15.03 
1	595106	333	183	2721	1852	13.68 
1	595159	331	185	2728	1851	12.69 
1	595211	332	185	2717	1847	12.62 
1	595263	330	185	2719	1846	13.54 
1	595315	330	185	2719	1844	14.89 
1	595367	330	183	2717	1843	15.52 
1	595421	330	183	2716	1845	15.03 
1	595473	331	183	2730	1852	13.82 
1	595525	332	186	2737	1855	12.69 
1	595577	333	189	2738	1863	12.55 
1	595630	332	190	2740	1863	13.47 
1	595682	332	188	2744	1857	14.74 
1	595735	333	187	2742	1859	15.52 
1	595787	333	189	2743	1856	15.03 
1	595840	333	189	2738	1865	13.89 
1	595892	333	187	2743	1860	12.69 
1	595944	335	187	2743	1857	12.55 
1	595996	333	189	2741	1859	13.47 
1	596049	333	189	2740	1857	14.74 
1	596102	333	189	2735	1855	15.52 
1	596154	333	189	2740	1856	15.17 
1	596206	333	189	2738	1857	13.97 
1	596258	333	189	2741	1857	12.76 
1	596312	334	186	2753	1867	12.55 
1	596364	335	185	2752	1870	13.40 
1	596416	334	188	2753	1869	14.74 
1	596468	337	185	2753	1866	15.52 
1	596520	335	185	2755	1869	15.24 
1	596573	335	188	2760	1875	14.04 
1	596626	335	185	2756	1872	12.83 
1	596678	335	185	2756	1875	12.48 
1	596730	335	186	2757	1869	13.33 
1	596783	335	187	2755	1875	14.67 
1	596835	336	187	2757	1872	15.45 
1	596887	335	186	2754	1874	15.24 
1	596940	336	187	2757	1872	14.11 
1	596993	335	188	2753	1871	12.83 
1	597045	336	185	2756	1874	12.48 
1	597097	335	185	2753	1867	13.26 
1	597149	335	187	2753	1866	14.60 
1	597201	335	187	2754	1867	15.45 
1	597255	335	186	2756	1868	15.31 
1	597307	335	188	2752	1865	14.18 
1	597359	335	186	2749	1866	12.90 
1	597411	335	187	2752	1866	12.48 
1	597464	335	186	2751	1866	13.19 
1	597517	335	187	2750	1867	14.53 
1	597569	335	185	2749	1868	15.45 
1	597621	336	186	2749	1863	15.31 
1	597673	335	185	2751	1868	14.18 
1	597726	335	186	2753	1873	12.90 
1	597778	335	185	2752	1865	12.48 
1	597831	335	185	2749	1873	13.11 
1	597883	337	186	2752	1867	14.46 
1	597936	335	186	2751	1871	15.45 
1	597988	335	188	2753	1870	15.38 
1	598040	336	187	2755	1871	14.25 
1	598092	335	185	2750	1867	12.97 
1	598146	335	188	2749	1866	12.48 
1	598198	335	186	2756	1869	13.19 
1	598250	336	186	2759	1876	14.46 
1	598302	336	185	2760	1868	15.45 
1	598354	336	185	2753	1869	15.38 
1	598407	336	186	2762	1873	14.39 
1	598460	336	187	2759	1874	13.04 
1	598512	337	185	2760	1874	12.48 
1	598564	338	186	2754	1875	13.04 
1	598617	336	186	2757	1870	14.32 
1	598669	336	188	2756	1871	15.38 
1	598722	336	188	2756	1870	15.45 
1	598774	336	186	2755	1873	14.39 
1	598827	337	186	2754	1871	13.11 
1	598879	336	186	2755	1870	12.48 
1	598931	337	186	2757	1877	13.04 
1	598983	336	186	2754	1870	14.32 
1	599036	336	188	2757	1872	15.38 
1	599089	336	187	2758	1869	15.45 
1	599141	336	186	2754	1870	14.39 
1	599193	338	186	2755	1868	13.11 
1	599245	336	188	2752	1872	12.48 
1	599298	337	188	2758	1874	13.04 
1	599351	337	189	2757	1869	14.25 
1	599403	337	188	2757	1870	15.38 
1	599455	337	189	2753	1873	15.45 
1	599507	337	187	2755	1872	14.53 
1	599560	339	187	2756	1869	13.26 
1	599612	340	186	2753	1872	12.48 
1	599665	337	189	2754	1869	12.97 
1	599717	326	179	2777	1887	14.18 
1	599770	270	151	2807	1899	15.38 
1	599822	217	125	2858	1937	15.52 
1	599874	148	88	3206	2173	14.53 
1	599927	108	64	3567	2416	13.11 
1	599980	84	57	3557	2408	12.26 
1	600032	71	48	3276	2219	12.55 
1	600084	64	44	2839	1922	13.61 
1	600136	61	42	2570	1742	14.74 
1	600188	58	42	2424	1647	15.24 
1	600241	58	40	2189	1483	14.53 
1	600293	58	38	2083	1410	13.33 
1	600345	53	40	1986	1344	12.33 
1	600397	53	37	1856	1257	12.26 
1	600450	52	38	1750	1188	13.19 
1	600502	51	38	1623	1102	14.53 
1	600555	51	38	1579	1070	15.24 
1	600607	51	38	1585	1080	14.96 
1	600659	50	38	1573	1067	13.82 
1	600712	51	37	1574	1077	12.69 
1	600764	50	38	1568	1060	12.19 
1	600816	50	38	1568	1063	12.90 
1	600868	50	37	1569	1059	14.18 
1	600921	49	35	1557	1062	15.24 
1	600973	46	32	1559	1055	15.45 
1	601025	44	29	1552	1056	14.60 
1	601077	41	26	1548	1052	13.33 
1	601129	40	24	1548	1046	12.62 
1	601182	40	22	1544	1044	12.90 
1	601235	38	24	1545	1041	13.97 
1	601287	40	22	1613	1089	15.17 
1	601339	38	23	1633	1100	15.67 
1	601392	37	23	1612	1089	14.96 
1	601444	36	22	1522	1036	13.75 
1	601496	36	22	1410	950	12.76 
1	601548	38	20	1372	933	12.69 
1	601601	36	23	1353	913	13.47 
1	601653	39	21	1361	918	14.74 
1	601705	37	24	1354	914	15.52 
1	601757	37	22	1362	920	15.38 
1	601809	39	22	1369	925	14.39 
1	601862	37	24	1380	928	13.19 
1	601914	37	24	1381	937	12.55 
1	601966	37	24	1417	960	12.97 
1	602018	37	24	1432	967	14.04 
1	602071	37	24	1433	975	15.24 
1	602123	37	24	1431	976	15.60 
1	602175	37	25	1433	972	14.89 
1	602227	37	24	1463	990	13.68 
1	602279	37	25	1481	1000	12.69 
1	602333	37	25	1463	989	12.62 
1	602385	39	22	1458	985	13.47 
1	602437	37	24	1445	977	14.74 
1	602489	37	24	1425	969	15.52 
1	602542	37	23	1429	965	15.38 
1	602594	37	24	1415	956	14.32 
1	602646	37	24	1401	948	13.04 
1	602698	37	24	1401	948	12.55 
1	602750	39	22	1395	942	12.97 
1	602803	37	24	1403	952	14.11 
1	602855	37	24	1407	957	15.24 
1	602907	37	24	1411	950	15.52 
1	602959	39	22	1394	941	14.82 
1	603012	36	24	1381	933	13.54 
1	603064	39	22	1364	923	12.62 
1	603116	37	24	1367	924	12.62 
1	603168	37	25	1370	926	13.47 
1	603220	38	24	1362	933	14.74 
1	603273	38	25	1387	943	15.52 
1	603325	40	23	1467	990	15.31 
1	603377	38	25	1509	1019	14.25 
1	603429	37	24	1531	1039	13.04 
1	603482	37	24	1528	1039	12.48 
1	603534	35	23	1441	980	12.97 
1	603587	35	21	1405	951	14.18 
1	603639	34	23	1355	921	15.31 
1	603692	34	22	1418	960	15.52 
1	603744	35	22	1391	941	14.74 
1	603796	36	22	1476	999	13.54 
1	603848	35	23	1323	891	12.62 
1	603900	34	22	1083	732	12.62 
1	603953	34	19	892	609	13.61 
1	604005	32	20	856	577	14.82 
1	604057	33	21	879	595	15.52 
1	604109	32	24	885	599	15.24 
1	604162	32	24	849	581	14.25 
1	604214	32	24	854	578	13.04 
1	604266	34	22	857	591	12.48 
1	604318	33	24	867	589	12.90 
1	604370	32	24	866	589	13.97 
1	604423	33	24	861	593	15.10 
1	604475	33	23	878	596	15.52 
1	604527	33	24	894	611	14.96 
1	604579	33	23	916	615	13.82 
1	604632	35	21	970	653	12.76 
1	604684	37	19	1195	808	12.48 
1	604736	36	23	1377	936	13.19 
1	604788	38	26	1356	922	14.46 
1	604840	43	28	1383	937	15.38 
1	604893	42	29	1368	926	15.38 
1	604945	41	30	1330	903	14.46 
1	604997	41	29	1401	949	13.19 
1	605049	41	28	1457	985	12.48 
1	605102	43	26	1465	1000	12.69 
1	605154	41	28	1475	1004	13.82 
1	605206	41	28	1576	1065	15.03 
1	605258	41	28	1663	1127	15.52 
1	605310	41	28	1663	1137	14.96 
1	605363	40	28	1666	1123	13.68 
1	605415	43	26	1640	1109	12.69 
1	605467	40	28	1637	1105	12.55 
1	605520	41	27	1590	1083	13.40 
1	605573	41	28	1605	1092	14.67 
1	605625	44	26	1698	1145	15.45 
1	605677	41	28	1708	1155	15.24 
1	605729	43	25	1595	1077	14.18 
1	605782	43	25	1632	1101	12.90 
1	605834	42	25	1585	1083	12.48 
1	605886	40	26	1620	1099	13.04 
1	605938	39	26	1628	1107	14.25 
1	605990	38	26	1580	1081	15.31 
1	606043	37	26	1492	1008	15.45 
1	606095	38	26	1496	1018	14.60 
1	606147	40	24	1513	1030	13.33 
1	606200	40	26	1547	1047	12.48 
1	606253	41	27	1533	1043	12.69 
1	606305	40	27	1494	1010	13.82 
1	606357	40	26	1460	1004	14.96 
1	606409	40	22	1461	984	15.52 
1	606461	39	21	1455	982	14.96 
1	606514	36	23	1449	987	13.82 
1	606566	36	23	1449	978	12.69 
1	606618	39	20	1446	978	12.41 
1	606670	39	25	1445	978	13.11 
1	606723	41	27	1444	976	14.32 
1	606775	45	34	1442	977	15.24 
1	606827	46	34	1442	977	15.24 
1	606879	46	38	1441	979	14.32 
1	606931	47	38	1436	980	13.04 
1	606984	47	37	1436	975	12.33 
1	607036	47	38	1438	979	12.62 
1	607088	47	38	1440	977	13.68 
1	607140	48	36	1435	973	14.89 
1	607193	48	37	1434	973	15.38 
1	607245	48	37	1429	978	14.89 
1	607297	48	39	1431	974	13.68 
1	607349	50	36	1425	973	12.62 
1	607403	48	38	1425	973	12.41 
1	607455	49	37	1420	976	13.11 
1	607507	49	37	1425	967	14.46 
1	607559	49	35	1425	968	15.38 
1	607611	49	38	1419	969	15.24 
1	607664	48	38	1422	966	14.32 
1	607716	49	37	1417	969	13.11 
1	607768	49	38	1413	971	12.41 
1	607820	49	38	1418	963	12.69 
1	607873	49	38	1419	964	13.82 
1	607925	49	38	1416	962	15.03 
1	607977	49	37	1415	963	15.45 
1	608029	49	38	1408	968	14.89 
1	608081	49	38	1413	956	13.68 
1	608134	49	38	1411	967	12.62 
1	608186	48	38	1406	961	12.48 
1	608238	49	38	1410	957	13.26 
1	608290	49	38	1409	956	14.53 
1	608343	49	37	1411	954	15.38 
1	608395	49	38	1407	953	15.38 
1	608447	48	38	1406	952	14.39 
1	608499	48	38	1402	951	13.11 
1	608551	49	37	1402	951	12.48 
1	608604	48	38	1401	951	12.76 
1	608656	48	37	1400	950	13.89 
1	608708	48	38	1398	951	15.10 
1	608760	48	38	1398	951	15.52 
1	608813	48	38	1397	952	14.89 
1	608866	51	35	1396	947	13.75 
1	608918	49	37	1389	954	12.69 
1	608970	48	37	1393	953	12.48 
1	609022	48	37	1395	947	13.26 
1	609075	48	38	1390	951	14.53 
1	609127	50	36	1391	943	15.45 
1	609179	48	38	1389	943	15.38 
1	609231	48	36	1387	942	14.39 
1	609284	48	36	1386	942	13.11 
1	609336	48	37	1387	942	12.48 
1	609388	47	37	1383	945	12.83 
1	609440	48	37	1386	940	13.89 
1	609492	48	37	1384	946	15.10 
1	609545	50	34	1382	938	15.52 
1	609597	48	38	1380	940	14.96 
1	609649	48	34	1377	943	13.75 
1	609701	48	36	1375	942	12.69 
1	609754	48	37	1374	939	12.55 
1	609806	48	37	1379	931	13.33 
1	609858	48	37	1380	934	14.60 
1	609910	48	38	1371	937	15.45 
1	609963	49	38	1372	938	15.38 
1	610015	48	38	1378	932	14.46 
1	610067	48	39	1380	934	13.19 
1	610119	48	38	1368	935	12.41 
1	610171	49	37	1371	930	12.76 
1	610224	48	37	1368	930	13.89 
1	610276	48	37	1368	930	15.10 
1	610328	48	37	1367	928	15.52 
1	610380	48	38	1365	928	14.96 
1	610434	48	37	1364	927	13.75 
1	610486	48	37	1365	927	12.76 
1	610538	47	40	1362	929	12.55 
1	610590	47	37	1363	928	13.33 
1	610642	47	39	1362	925	14.60 
1	610695	47	39	1361	924	15.45 
1	610747	47	38	1362	926	15.38 
1	610799	48	36	1360	923	14.39 
1	610851	47	38	1358	921	13.19 
1	610904	47	38	1352	929	12.48 
1	610956	47	39	1359	923	12.83 
1	611008	47	37	1357	921	13.82 
1	611060	49	36	1354	919	15.10 
1	611112	47	38	1348	921	15.52 
1	611165	47	37	1353	916	14.96 
1	611217	47	39	1347	915	13.75 
1	611269	47	37	1347	915	12.69 
1	611321	48	38	1343	919	12.55 
1	611374	47	38	1351	913	13.33 
1	611426	48	36	1349	917	14.60 
1	611478	48	36	1345	917	15.45 
1	611530	47	37	1350	914	15.38 
1	611582	48	38	1350	912	14.39 
1	611635	47	38	1342	920	13.11 
1	611687	48	37	1345	915	12.48 
1	611739	48	38	1341	915	12.83 
1	611791	48	36	1342	911	13.97 
1	611844	48	37	1343	911	15.10 
1	611897	48	37	1342	912	15.52 
1	611949	48	36	1341	911	14.96 
1	612001	48	37	1338	913	13.75 
1	612054	48	38	1339	910	12.69 
1	612106	48	36	1337	909	12.55 
1	612158	48	37	1337	909	13.33 
1	612210	48	37	1333	906	14.60 
1	612262	48	37	1332	906	15.45 
1	612315	48	38	1325	911	15.38 
1	612367	48	38	1334	907	14.39 
1	612419	48	38	1334	905	13.11 
1	612471	48	38	1330	904	12.48 
1	612524	48	39	1330	903	12.83 
1	612576	50	35	1327	903	13.89 
1	612628	48	34	1322	905	15.10 
1	612680	48	36	1325	901	15.60 
1	612732	48	36	1325	899	14.96 
1	612785	48	37	1324	898	13.68 
1	612837	47	37	1313	897	12.62 
1	612889	47	37	1310	894	12.48 
1	612941	48	36	1305	888	13.33 
1	612994	47	37	1306	893	14.60 
1	613046	47	38	1309	889	15.45 
1	613098	47	38	1309	889	15.31 
1	613150	47	37	1308	888	14.39 
1	613202	48	37	1305	892	13.11 
1	613255	48	37	1308	896	12.48 
1	613307	48	37	1313	893	12.83 
1	613359	48	37	1308	899	13.97 
1	613412	48	38	1305	899	15.10 
1	613465	48	37	1310	893	15.52 
1	613517	48	37	1305	895	14.89 
1	613569	48	37	1308	889	13.68 
1	613621	50	35	1306	892	12.69 
1	613673	48	37	1307	887	12.55 
1	613726	48	37	1306	886	13.33 
1	613778	48	37	1306	886	14.60 
1	613830	50	35	1303	886	15.45 
1	613882	47	37	1303	885	15.38 
1	613935	48	37	1298	888	14.39 
1	613987	48	37	1301	883	13.11 
1	614039	48	37	1303	884	12.48 
1	614091	47	36	1304	886	12.83 
1	614144	48	35	1303	884	13.97 
1	614196	48	38	1331	904	15.10 
1	614248	49	38	1479	1004	15.60 
1	614300	50	38	1590	1077	14.96 
1	614352	51	38	1743	1189	13.68 
1	614405	52	39	1885	1284	12.69 
1	614457	53	40	2030	1375	12.62 
1	614509	54	41	2178	1480	13.54 
1	614562	58	38	2267	1538	14.82 
1	614615	58	40	2312	1566	15.60 
1	614667	57	41	2352	1593	15.31 
1	614719	58	41	2369	1612	14.18 
1	614771	57	42	2408	1629	12.90 
1	614823	58	42	2421	1648	12.48 
1	614876	58	42	2453	1666	13.11 
1	614928	58	42	2478	1680	14.39 
1	614980	58	42	2501	1693	15.38 
1	615032	58	43	2521	1713	15.45 
1	615085	59	42	2543	1719	14.60 
1	615137	59	42	2561	1737	13.33 
1	615189	59	43	2582	1748	12.55 
1	615242	59	43	2597	1760	12.76 
1	615294	60	43	2611	1776	13.89 
1	615347	60	43	2638	1786	15.10 
1	615399	59	44	2656	1801	15.60 
1	615451	60	44	2676	1812	14.96 
1	615503	61	43	2696	1826	13.75 
1	615556	60	44	2721	1843	12.76 
1	615608	61	44	2741	1858	12.55 
1	615660	61	44	2755	1874	13.47 
1	615712	62	44	2784	1886	14.74 
1	615764	62	44	2802	1897	15.52 
1	615817	62	44	2813	1906	15.31 
1	615870	62	45	2833	1919	14.18 
1	615922	63	45	2838	1924	12.90 
1	615974	62	45	2839	1927	12.48 
1	616027	63	45	2845	1930	13.11 
1	616079	63	45	2848	1933	14.32 
1	616131	63	45	2844	1930	15.38 
1	616183	62	45	2830	1919	15.45 
1	616236	62	45	2839	1923	14.60 
1	616288	62	45	2833	1928	13.33 
1	616340	63	45	2849	1930	12.55 
1	616392	65	43	2859	1938	12.76 
1	616444	63	44	2862	1940	13.82 
1	616497	62	45	2858	1946	15.10 
1	616550	62	46	2876	1949	15.60 
1	616602	63	45	2884	1957	15.03 
1	616654	63	45	2888	1959	13.82 
1	616707	63	45	2893	1962	12.69 
1	616759	63	45	2885	1955	12.55 
1	616811	63	45	2900	1967	13.33 
1	616863	63	45	2900	1969	14.67 
1	616915	63	49	2905	1969	15.45 
1	616968	63	44	2906	1970	15.38 
1	617020	64	45	2906	1969	14.32 
1	617072	63	46	2904	1970	12.97 
1	617124	63	45	2907	1969	12.48 
1	617177	63	45	2902	1966	12.97 
1	617230	63	46	2903	1971	14.18 
1	617282	63	49	2917	1979	15.31 
1	617334	63	45	2918	1976	15.52 
1	617387	63	45	2924	1977	14.67 
1	617439	63	46	2928	1983	13.40 
1	617491	63	48	2925	1983	12.55 
1	617543	63	46	2927	1984	12.69 
1	617595	63	45	2926	1983	13.75 
1	617648	63	45	2919	1979	14.96 
1	617700	62	44	2918	1981	15.60 
1	617752	62	43	2923	1983	15.10 
1	617804	62	43	2925	1977	13.89 
1	617857	62	43	2925	1984	12.76 
1	617910	62	43	2927	1984	12.55 
1	617962	62	43	2927	1987	13.33 
1	618014	62	43	2925	1982	14.60 
1	618066	61	44	2925	1981	15.52 
1	618119	62	43	2926	1982	15.38 
1	618171	61	43	2927	1985	14.32 
1	618223	61	43	2912	1975	13.11 
1	618275	61	43	2914	1977	12.55 
1	618328	62	42	2917	1976	12.97 
1	618380	61	42	2922	1979	14.11 
1	618432	61	42	2926	1978	15.24 
1	618484	60	41	2919	1982	15.60 
1	618536	60	40	2942	2002	14.82 
1	618590	60	40	2928	1983	13.54 
1	618642	60	40	2938	1990	12.69 
1	618694	59	40	2939	1989	12.83 
1	618746	59	41	2933	1985	13.75 
1	618799	60	40	2942	1992	15.03 
1	618851	59	40	2946	2001	15.60 
1	618903	59	38	2933	1996	15.17 
1	618955	59	40	2956	2000	14.04 
1	619008	59	40	2941	1998	12.90 
1	619060	59	40	2929	1982	12.62 
1	619112	59	40	2946	1998	13.33 
1	619164	59	40	2954	1996	14.60 
1	619217	59	39	2935	1988	15.45 
1	619270	59	40	2943	1993	15.38 
1	619322	61	38	2945	1997	14.46 
1	619374	59	40	2953	2000	13.19 
1	619426	59	40	2946	1994	12.62 
1	619479	59	40	2945	1994	13.04 
1	619531	59	40	2937	1993	14.11 
1	619583	59	40	2941	1991	15.24 
1	619635	60	40	2955	2003	15.52 
1	619687	60	40	2957	2003	14.82 
1	619740	60	41	2975	2017	13.54 
1	619792	61	41	2997	2029	12.62 
1	619845	61	41	3037	2060	12.69 
1	619897	61	41	3054	2070	13.68 
1	619950	61	41	3054	2071	14.89 
1	620002	61	41	3056	2068	15.52 
1	620054	61	41	3057	2073	15.10 
1	620106	61	41	3063	2074	13.97 
1	620158	61	42	3058	2070	12.90 
1	620211	61	42	3064	2072	12.62 
1	620263	61	41	3056	2077	13.40 
1	620315	61	41	3047	2068	14.60 
1	620367	61	40	3020	2042	15.38 
1	620420	61	40	3000	2036	15.38 
1	620472	59	39	2985	2018	14.46 
1	620525	58	37	2984	2023	13.19 
1	620577	58	37	2917	1978	12.41 
1	620630	58	36	2890	1957	12.90 
1	620682	58	37	2876	1947	14.04 
1	620734	58	37	2993	2029	15.17 
1	620786	59	38	3034	2056	15.45 
1	620838	60	38	3005	2036	14.82 
1	620891	59	38	3001	2034	13.61 
1	620943	59	38	3014	2042	12.69 
1	620995	59	38	2996	2031	12.69 
1	621047	59	38	2939	1992	13.68 
1	621100	60	38	2855	1931	14.96 
1	621152	61	39	2822	1912	15.52 
1	621205	63	40	2841	1924	15.24 
1	621257	65	41	2990	2028	14.11 
1	621309	68	42	3070	2070	13.04 
1	621362	69	43	3099	2096	12.69 
1	621414	70	44	3113	2106	13.40 
1	621466	70	45	3107	2106	14.53 
1	621518	71	45	3133	2117	15.45 
1	621571	72	45	3147	2127	15.45 
1	621623	71	45	3104	2101	14.53 
1	621675	71	45	3079	2080	13.33 
1	621727	71	44	3067	2073	12.69 
1	621779	71	44	3069	2071	13.04 
1	621832	71	45	3077	2080	14.11 
1	621885	72	44	3080	2080	15.17 
1	621937	71	45	3103	2099	15.52 
1	621989	72	44	3113	2106	14.89 
1	622042	72	44	3118	2107	13.68 
1	622094	72	44	3128	2124	12.83 
1	622146	72	45	3135	2119	12.76 
1	622198	72	45	3140	2125	13.61 
1	622251	72	45	3137	2122	14.74 
1	622303	72	45	3135	2123	15.38 
1	622355	72	43	3151	2136	15.10 
1	622407	73	45	3173	2147	14.25 
1	622459	72	45	3340	2262	12.55 
1	622513	63	41	2910	1975	12.33 
1	622565	65	41	3256	2211	13.11 
1	622617	65	42	3275	2222	14.04 
1	622669	64	42	3270	2217	15.03 
1	622722	64	41	3234	2194	14.96 
1	622774	63	41	3228	2189	14.18 
1	622826	63	42	3246	2200	13.11 
1	622878	63	41	3246	2200	12.48 
1	622930	63	42	3259	2213	12.83 
1	622983	63	40	3250	2204	13.89 
1	623035	62	41	3234	2198	15.17 
1	623087	63	40	3248	2203	15.60 
1	623140	62	40	3225	2192	14.96 
1	623193	62	39	3227	2195	13.68 
1	623245	62	39	3220	2183	12.69 
1	623297	62	40	3216	2180	12.48 
1	623349	62	40	3097	2095	13.54 
1	623401	63	40	2944	1992	14.82 
1	623454	67	43	2995	2028	15.60 
1	623506	68	46	3010	2032	15.31 
1	623558	69	44	3029	2046	14.25 
1	623610	69	46	3038	2061	13.11 
1	623663	69	45	3045	2058	12.69 
1	623715	70	46	3041	2059	13.26 
1	623767	70	44	3047	2059	14.46 
1	623820	70	44	3049	2067	15.38 
1	623873	70	45	3070	2080	15.67 
1	623925	71	45	3157	2137	14.82 
1	623977	69	44	3397	2314	13.04 
1	624029	63	40	3146	2131	12.41 
1	624081	63	41	3223	2183	12.62 
1	624134	63	41	3216	2180	13.68 
1	624186	63	40	3243	2197	14.89 
1	624238	63	40	3251	2206	15.31 
1	624290	63	40	3273	2218	14.74 
1	624343	63	40	3266	2218	13.54 
1	624395	62	39	3267	2220	12.62 
1	624448	61	39	3264	2218	12.55 
1	624500	60	37	3259	2213	13.54 
1	624552	60	37	3260	2213	14.82 
1	624605	61	38	3262	2212	15.60 
1	624657	61	37	3259	2212	15.24 
1	624709	61	39	3258	2208	14.04 
1	624761	62	39	3256	2206	12.90 
1	624814	62	40	3254	2212	12.41 
1	624866	62	40	3247	2205	13.11 
1	624918	62	40	3246	2203	14.39 
1	624970	62	39	3247	2202	15.38 
1	625022	61	40	3222	2186	15.60 
1	625075	61	40	3234	2203	14.67 
1	625128	62	39	3234	2195	13.33 
1	625180	62	40	3215	2174	12.55 
1	625232	62	40	3154	2136	12.90 
1	625285	62	40	3198	2166	13.89 
1	625337	62	40	3190	2161	15.17 
1	625389	62	40	3228	2186	15.60 
1	625441	62	41	3231	2188	15.03 
1	625494	63	40	3229	2192	13.75 
1	625546	61	40	3213	2176	12.83 
1	625598	61	39	3215	2181	12.62 
1	625650	60	39	3201	2171	13.47 
1	625702	60	39	3171	2154	14.74 
1	625756	59	36	3134	2121	15.45 
1	625808	59	39	3114	2115	15.31 
1	625860	59	38	3153	2140	14.18 
1	625912	58	38	3128	2122	12.97 
1	625965	58	38	3097	2096	12.48 
1	626017	59	38	3149	2135	13.04 
1	626069	60	38	3200	2173	14.32 
1	626121	60	39	3225	2190	15.24 
1	626173	60	38	3224	2191	15.24 
1	626226	60	38	3157	2137	14.46 
1	626278	59	38	3148	2135	13.26 
1	626330	59	38	3099	2094	12.55 
1	626382	59	39	3155	2134	12.83 
1	626436	60	39	3159	2149	13.89 
1	626488	60	39	3194	2166	15.03 
1	626540	60	39	3190	2169	15.52 
1	626592	61	39	3188	2155	15.03 
1	626644	61	39	3175	2152	13.75 
1	626697	62	39	3144	2134	12.76 
1	626749	62	39	3115	2116	12.62 
1	626801	61	39	3135	2126	13.47 
1	626853	62	36	3117	2111	14.74 
1	626906	62	39	3123	2119	15.52 
1	626958	61	39	3133	2124	15.31 
1	627010	60	39	3157	2142	14.18 
1	627063	60	39	3135	2122	12.97 
1	627116	59	38	3116	2114	12.48 
1	627168	59	36	3130	2124	13.04 
1	627220	60	38	3144	2133	14.25 
1	627272	60	38	3159	2136	15.24 
1	627324	60	39	3162	2151	15.38 
1	627377	61	39	3201	2168	14.46 
1	627429	61	38	3223	2184	13.11 
1	627481	60	39	3249	2206	12.48 
1	627533	60	39	3261	2209	12.83 
1	627586	61	38	3292	2233	13.82 
1	627638	61	38	3235	2196	15.03 
1	627690	60	38	3231	2191	15.52 
1	627743	58	37	3249	2204	14.96 
1	627795	58	36	3234	2192	13.68 
1	627848	58	36	3222	2185	12.69 
1	627900	58	36	3215	2173	12.62 
1	627952	57	36	3233	2193	13.47 
1	628004	58	36	3209	2177	14.74 
1	628057	58	35	3190	2168	15.45 
1	628109	58	37	3159	2139	15.24 
1	628161	60	37	3176	2150	14.18 
1	628213	60	38	3211	2177	12.97 
1	628265	61	38	3207	2171	12.48 
1	628318	60	39	3178	2156	13.04 
1	628371	60	38	3148	2136	14.32 
1	628423	62	35	3161	2140	15.31 
1	628475	58	37	3164	2143	15.52 
1	628528	58	36	3165	2146	14.67 
1	628580	58	36	3150	2138	13.33 
1	628632	58	35	3171	2150	12.48 
1	628684	58	35	3156	2144	12.83 
1	628737	58	34	3152	2137	13.89 
1	628789	58	35	3150	2137	15.10 
1	628841	58	35	3163	2140	15.60 
1	628893	58	35	3159	2136	15.03 
1	628945	58	33	3174	2151	13.75 
1	628998	58	35	3151	2136	12.76 
1	629051	58	35	3158	2134	12.62 
1	629103	58	35	3150	2133	13.47 
1	629155	58	35	3146	2132	14.74 
1	629208	58	35	3140	2124	15.52 
1	629260	58	35	3148	2131	15.31 
1	629312	58	35	3138	2126	14.25 
1	629364	58	35	3138	2127	13.04 
1	629416	58	35	3133	2124	12.55 
1	629469	58	35	3141	2126	13.11 
1	629521	58	35	3135	2121	14.32 
1	629573	58	36	3134	2121	15.31 
1	629625	58	37	3178	2156	15.45 
1	629679	58	37	3228	2190	14.60 
1	629731	59	38	3226	2189	13.40 
1	629783	60	38	3239	2196	12.62 
1	629835	60	36	3229	2191	12.83 
1	629888	60	38	3228	2190	13.82 
1	629940	60	38	3224	2189	15.03 
1	629992	60	38	3225	2188	15.52 
1	630044	60	38	3224	2193	15.03 
1	630096	60	38	3234	2189	13.89 
1	630149	60	39	3231	2194	12.76 
1	630201	60	38	3244	2198	12.55 
1	630253	60	39	3255	2210	13.19 
1	630305	60	39	3249	2201	14.18 
1	630359	61	39	3246	2206	14.82 
1	630411	61	39	3253	2205	14.60 
1	630463	61	39	3256	2208	13.61 
1	630515	62	40	3258	2209	12.41 
1	630567	63	40	3264	2210	11.91 
1	630620	63	42	3260	2212	12.41 
1	630672	64	42	3258	2210	13.61 
1	630724	65	42	3256	2208	14.74 
1	630776	64	43	3255	2206	14.96 
1	630829	64	44	3256	2204	14.18 
1	630881	65	48	3255	2204	12.90 
1	630933	65	44	3253	2208	12.05 
1	630986	65	45	3252	2206	12.26 
1	631038	65	44	3249	2203	13.33 
1	631091	65	47	3247	2202	14.60 
1	631143	65	45	3252	2201	15.17 
1	631195	65	47	3245	2207	14.60 
1	631247	65	44	3244	2199	13.47 
1	631300	65	44	3240	2196	12.33 
1	631352	65	44	3244	2196	12.19 
1	631404	65	44	3244	2198	13.11 
1	631456	66	44	3246	2197	14.39 
1	631508	65	47	3244	2192	15.24 
1	631561	65	49	3245	2202	15.03 
1	631613	66	44	3244	2195	14.04 
1	631666	66	45	3238	2194	12.83 
1	631718	66	45	3235	2194	12.33 
1	631771	65	45	3234	2201	12.76 
1	631823	65	49	3241	2194	13.82 
1	631875	65	48	3232	2198	14.96 
1	631927	66	44	3237	2192	15.17 
1	631980	66	44	3235	2194	14.53 
1	632032	65	48	3235	2195	13.33 
1	632084	66	44	3238	2192	12.41 
1	632136	65	48	3237	2192	12.48 
1	632188	65	45	3232	2194	13.40 
1	632241	65	48	3230	2194	14.60 
1	632294	67	46	3226	2184	15.17 
1	632346	66	44	3223	2184	14.74 
1	632398	65	49	3218	2180	13.68 
1	632451	65	45	3215	2175	12.55 
1	632503	66	44	3210	2174	12.26 
1	632555	65	45	3206	2174	13.04 
1	632607	66	46	3204	2179	14.25 
1	632659	67	43	3207	2175	15.17 
1	632712	65	48	3209	2174	15.10 
1	636747	65	45	292	205	15.52 
1	636800	65	47	291	205	14.82 
1	636852	66	48	290	205	13.61 
1	636904	65	43	290	205	12.76 
1	636956	65	45	290	205	12.76 
1	637008	66	44	290	204	13.54 
1	637061	65	45	289	205	14.74 
1	637113	65	45	289	203	15.45 
1	637165	65	47	289	203	15.31 
1	637217	65	47	289	204	14.25 
1	637270	65	45	289	203	13.04 
1	637322	65	44	289	203	12.48 
1	637394	65	45	289	203	14.82 
OFF-------
Turn OFF Data Collection
Collect Data: Turn Off
