1	99838	392	216	904	454 
1	99841	392	216	904	454 
1	99941	392	215	905	451 
1	100040	392	216	908	450 
1	100141	392	216	902	454 
1	100241	392	216	906	452 
1	100341	392	215	908	449 
1	100441	392	214	904	451 
1	100541	392	215	906	449 
1	100641	392	215	901	452 
1	100742	392	214	899	452 
1	100841	390	214	899	449 
1	100941	392	214	897	454 
1	101042	390	215	896	454 
1	101142	392	214	902	448 
1	101241	389	215	899	451 
1	101342	392	216	904	442 
1	101442	392	214	898	455 
1	101542	392	215	904	453 
1	101642	392	214	901	454 
1	101742	392	216	907	442 
1	101842	392	216	905	454 
1	101943	392	216	902	456 
1	102042	392	214	893	461 
1	102142	392	216	904	454 
1	102243	392	216	906	451 
1	102343	392	214	903	449 
1	102443	392	216	900	457 
1	102543	392	216	898	453 
1	102643	392	216	898	448 
1	102744	392	215	898	451 
1	102843	392	215	895	451 
1	102943	392	213	888	447 
1	103044	392	215	892	443 
1	103144	392	213	885	445 
1	103243	392	215	887	444 
1	103344	392	215	885	442 
1	103444	392	216	883	439 
1	103544	392	213	869	435 
1	103644	392	213	870	442 
1	103744	392	215	874	429 
1	103844	392	215	872	435 
1	103945	392	215	867	435 
1	104044	390	215	858	436 
1	104144	392	215	862	432 
1	104245	392	215	865	425 
1	104345	392	213	857	429 
1	104444	392	215	855	426 
1	104545	390	218	848	430 
1	104645	392	215	851	413 
1	104745	392	215	845	426 
1	104845	390	215	841	418 
1	104945	390	215	836	419 
1	105046	392	214	833	418 
1	105146	392	215	831	411 
1	105245	392	215	834	413 
1	105346	390	215	822	420 
1	105446	392	214	825	411 
1	105546	392	214	825	409 
1	105646	392	215	819	408 
1	105746	392	215	812	409 
1	105846	392	215	805	410 
1	105947	392	214	806	403 
1	106046	390	215	797	399 
1	106146	392	214	794	398 
1	106247	392	214	788	394 
1	106347	392	214	776	397 
1	106446	392	214	773	388 
1	106547	392	214	764	388 
1	106647	392	214	760	387 
1	106747	392	214	754	374 
1	106847	392	213	742	371 
1	106947	390	215	734	372 
1	107047	392	213	723	368 
1	107148	390	215	722	360 
1	107247	390	215	710	357 
1	107347	389	215	706	354 
1	107448	390	215	697	350 
1	107548	392	214	692	342 
1	107648	388	214	677	345 
1	107748	388	215	670	336 
1	107848	389	215	666	338 
1	107949	389	215	658	333 
1	108048	389	215	654	332 
1	108148	389	215	646	326 
1	108249	387	217	638	322 
1	108349	389	215	634	313 
1	108448	389	215	624	312 
1	108549	389	215	611	317 
1	108649	389	214	606	306 
1	108749	389	215	601	292 
1	108849	388	214	590	298 
1	108949	388	214	580	296 
1	109049	389	215	573	286 
1	109150	389	215	566	287 
1	109249	392	212	557	285 
1	109349	389	215	552	279 
1	109450	389	215	539	281 
1	109550	389	215	533	274 
1	109649	390	214	527	271 
1	109750	389	215	522	263 
1	109850	389	215	514	258 
1	109950	390	215	505	258 
1	110050	389	215	494	255 
1	110150	390	215	486	253 
1	110251	392	213	477	251 
1	110351	392	213	477	231 
1	110450	389	215	463	240 
1	110551	390	215	457	238 
1	110651	392	214	447	232 
1	110751	392	213	444	225 
1	110851	392	214	434	225 
1	110951	392	214	427	220 
1	111051	392	215	419	219 
1	111152	392	214	412	212 
1	111251	392	215	403	211 
1	111351	392	214	396	207 
1	111452	392	215	393	200 
1	111552	392	214	385	195 
1	111651	392	215	375	196 
1	111752	392	213	365	194 
1	111849	392	216	357	194 
1	111950	392	215	356	185 
1	112050	392	217	359	183 
1	112150	392	216	366	192 
1	112250	392	217	382	182 
1	112351	392	217	389	196 
1	112450	393	217	394	193 
1	112550	393	216	404	208 
1	112651	393	216	414	201 
1	112751	394	217	418	218 
1	112850	394	217	426	219 
1	112951	394	218	433	215 
1	113051	395	217	439	221 
1	113152	394	216	447	232 
1	113251	394	218	457	234 
1	113351	394	218	461	242 
1	113452	395	218	472	242 
1	113552	395	218	479	247 
1	113651	395	221	486	251 
1	113752	395	218	498	250 
1	113852	395	219	504	257 
1	113952	394	217	509	261 
1	114052	395	220	515	270 
1	114152	396	220	524	272 
1	114252	396	220	527	283 
1	114353	396	220	540	282 
1	114452	395	221	547	285 
1	114552	396	220	563	274 
1	114653	396	220	572	285 
1	114753	396	220	576	294 
1	114852	397	219	583	298 
1	114953	395	221	591	302 
1	115053	395	221	596	309 
1	115153	395	221	607	311 
1	115253	397	219	614	315 
1	115353	397	219	625	315 
1	115453	394	222	634	315 
1	115554	396	221	639	325 
1	115653	395	222	650	317 
1	115753	396	221	657	330 
1	115854	398	219	660	337 
1	115954	398	219	671	337 
1	116054	398	219	673	347 
1	116154	396	222	686	345 
1	116254	398	219	696	349 
1	116355	396	222	698	354 
1	116454	397	219	703	358 
1	116554	396	222	717	359 
1	116655	397	222	720	363 
1	116755	397	222	728	367 
1	116854	396	222	735	373 
1	116955	396	222	749	368 
1	117055	396	221	752	368 
1	117155	397	222	762	378 
1	117255	396	222	755	389 
1	117355	398	219	770	382 
1	117455	397	222	774	390 
1	117556	397	222	784	392 
1	117655	396	222	791	386 
1	117755	396	222	796	398 
1	117856	397	222	803	409 
1	117956	397	222	814	405 
1	118055	397	223	815	401 
1	118156	397	223	822	411 
1	118256	397	222	824	412 
1	118356	397	222	828	412 
1	118456	397	223	832	414 
1	118556	396	222	834	414 
1	118657	397	222	837	421 
1	118757	398	222	840	422 
1	118856	400	220	841	425 
1	118957	398	222	844	427 
1	119057	397	223	854	423 
1	119157	397	222	847	432 
1	119257	397	222	857	428 
1	119357	397	222	858	434 
1	119457	397	222	858	425 
1	119558	397	222	865	432 
1	119657	397	222	869	431 
1	119757	397	222	869	434 
1	119858	397	223	870	427 
1	119958	398	220	869	435 
1	120057	397	222	874	437 
1	120158	399	221	872	438 
1	120258	397	222	877	439 
1	120358	397	223	889	441 
1	120458	397	222	890	441 
1	120558	397	223	887	435 
1	120658	397	222	890	442 
1	120759	397	223	892	442 
1	120858	399	220	889	441 
1	120958	399	220	886	443 
1	121059	396	222	884	443 
1	121159	399	220	886	441 
1	121259	397	222	876	449 
1	121359	399	220	884	439 
1	121459	397	222	881	440 
1	121560	397	222	881	438 
1	121659	397	222	879	438 
1	121759	397	222	879	436 
1	121860	397	223	876	438 
1	121960	397	222	876	428 
1	122059	397	222	869	444 
1	122160	397	222	874	433 
1	122260	398	222	884	441 
1	122360	397	222	887	441 
1	122460	399	221	895	440 
1	122560	397	222	892	450 
1	122660	397	223	899	447 
1	122761	397	222	899	449 
1	122860	398	223	899	453 
1	122960	399	220	897	451 
1	123061	399	220	895	444 
1	123161	397	222	897	441 
1	123260	396	222	897	448 
1	123361	397	222	901	448 
1	123461	398	222	902	447 
1	123561	400	221	902	450 
1	123661	397	223	900	451 
1	123761	397	222	899	451 
1	123860	400	220	901	440 
