1	69417	389	215	906	455 
1	69420	389	215	906	455 
1	69520	389	215	908	454 
1	69620	389	215	901	459 
1	69721	389	215	909	451 
1	69820	389	215	907	453 
1	69920	389	215	902	457 
1	70021	389	215	906	452 
1	70121	389	215	907	450 
1	70220	389	215	906	453 
1	70321	389	215	906	453 
1	70421	389	215	902	446 
1	70521	390	215	904	454 
1	70621	389	215	901	456 
1	70721	391	214	910	451 
1	70821	388	215	903	454 
1	70922	389	215	900	461 
1	71021	389	215	907	455 
1	71121	389	214	907	445 
1	71222	388	215	902	455 
1	71322	389	215	908	452 
1	71421	389	215	900	459 
1	71522	389	215	904	456 
1	71622	389	215	904	453 
1	71723	390	215	908	450 
1	71822	388	214	903	448 
1	71922	388	214	902	439 
1	72023	389	215	901	453 
1	72123	389	215	901	454 
1	72222	389	215	904	449 
1	72323	389	215	900	449 
1	72423	389	215	895	454 
1	72523	389	215	893	453 
1	72623	389	215	890	453 
1	72723	389	214	893	448 
1	72823	389	216	895	448 
1	72924	389	215	889	445 
1	73023	389	216	882	446 
1	73123	389	215	878	449 
1	73224	390	215	881	441 
1	73324	389	215	871	443 
1	73423	388	214	874	439 
1	73524	389	215	874	434 
1	73624	388	214	869	435 
1	73724	389	216	864	431 
1	73824	390	215	862	434 
1	73924	389	216	863	429 
1	74024	390	215	857	431 
1	74125	390	215	856	429 
1	74224	390	215	851	427 
1	74324	390	215	849	427 
1	74425	390	215	848	425 
1	74525	389	215	842	424 
1	74625	390	215	838	423 
1	74725	389	215	839	420 
1	74825	389	214	833	423 
1	74926	389	215	837	415 
1	75025	389	215	831	416 
1	75125	389	215	826	414 
1	75226	389	214	817	415 
1	75326	389	215	817	408 
1	75425	388	215	812	406 
1	75526	389	215	808	402 
1	75626	388	215	802	400 
1	75726	389	215	796	395 
1	75826	388	215	790	393 
1	75926	388	215	777	399 
1	76026	388	215	779	385 
1	76127	388	215	769	387 
1	76226	387	214	762	382 
1	76326	388	214	755	377 
1	76427	388	214	744	376 
1	76527	387	214	741	373 
1	76626	388	214	731	367 
1	76727	387	214	723	364 
1	76827	387	215	716	361 
1	76928	387	214	708	359 
1	77027	386	213	699	353 
1	77127	386	213	693	352 
1	77228	386	213	680	349 
1	77328	387	214	676	344 
1	77427	387	214	671	342 
1	77528	387	214	662	336 
1	77628	387	213	653	334 
1	77728	387	213	649	326 
1	77828	387	213	639	325 
1	77928	386	213	631	321 
1	78028	385	214	621	317 
1	78129	387	213	616	312 
1	78228	387	213	607	310 
1	78328	386	214	605	301 
1	78429	386	214	590	298 
1	78529	387	213	578	298 
1	78628	384	213	573	287 
1	78729	384	213	561	288 
1	78829	385	212	557	282 
1	78929	384	213	547	268 
1	79029	385	212	544	268 
1	79129	384	213	532	271 
1	79229	384	212	523	267 
1	79330	384	213	516	265 
1	79429	384	213	507	259 
1	79529	386	213	496	261 
1	79630	386	214	492	234 
1	79730	386	213	483	251 
1	79830	386	213	475	250 
1	79930	386	214	471	240 
1	80030	386	213	461	229 
1	80131	386	213	454	233 
1	80230	386	213	445	230 
1	80330	386	214	439	228 
1	80431	385	212	429	223 
1	80531	384	213	421	219 
1	80630	384	213	416	213 
1	80731	385	212	408	210 
1	80831	384	212	396	213 
1	80931	385	212	398	198 
1	81031	385	212	389	187 
1	81131	385	212	381	194 
1	81231	384	213	368	187 
1	81332	386	213	364	190 
1	81427	386	214	355	190 
1	81527	386	214	352	187 
1	81628	386	214	355	187 
1	81728	387	213	366	195 
1	81828	387	213	377	197 
1	81928	387	214	388	198 
1	82028	387	214	394	203 
1	82128	387	214	397	212 
1	82229	387	213	408	208 
1	82328	387	214	413	209 
1	82428	386	213	421	219 
1	82529	387	214	433	208 
1	82629	387	214	437	230 
1	82728	388	214	443	232 
1	82829	388	214	455	233 
1	82929	388	214	463	236 
1	83030	388	214	471	241 
1	83129	389	214	480	235 
1	83229	389	214	486	248 
1	83330	389	214	496	242 
1	83430	388	215	502	256 
1	83529	389	214	515	256 
1	83630	388	213	515	268 
1	83730	389	214	526	267 
1	83830	388	214	534	271 
1	83930	389	215	542	275 
1	84030	389	215	551	280 
1	84130	389	215	555	287 
1	84231	389	215	567	288 
1	84330	389	216	568	302 
1	84430	388	215	584	292 
1	84531	388	215	593	299 
1	84631	387	214	599	304 
1	84730	387	214	609	304 
1	84831	390	215	617	309 
1	84931	388	215	625	316 
1	85031	389	215	631	326 
1	85131	390	215	639	318 
1	85231	389	215	653	327 
1	85331	392	213	662	327 
1	85432	390	215	663	336 
1	85531	392	214	671	330 
1	85632	390	215	678	344 
1	85732	392	214	690	341 
1	85832	389	215	686	358 
1	85932	390	215	702	352 
1	86032	392	214	702	360 
1	86132	389	215	713	366 
1	86233	392	215	721	365 
1	86332	392	214	727	367 
1	86432	390	217	733	373 
1	86533	392	215	744	374 
1	86633	392	215	754	375 
1	86732	392	215	757	383 
1	86833	392	215	760	389 
1	86933	392	214	770	386 
1	87033	392	214	769	393 
1	87133	392	216	781	394 
1	87233	392	215	787	400 
1	87333	392	216	799	399 
1	87434	392	215	808	401 
1	87533	392	217	809	410 
1	87633	392	215	818	407 
1	87734	392	215	820	410 
1	87834	392	216	821	414 
1	87933	392	217	827	416 
1	88034	392	216	831	404 
1	88134	392	217	834	416 
1	88235	392	215	838	415 
1	88334	392	216	840	420 
1	88434	392	216	843	427 
1	88535	392	217	846	425 
1	88635	392	216	848	427 
1	88734	392	215	856	425 
1	88835	392	215	851	433 
1	88935	392	216	854	435 
1	89035	392	215	859	425 
1	89135	392	216	866	429 
1	89235	392	215	867	433 
1	89335	392	216	864	438 
1	89436	392	215	872	435 
1	89535	392	215	869	435 
1	89635	392	215	873	436 
1	89736	392	216	874	435 
1	89836	392	215	880	440 
1	89935	392	215	888	441 
1	90036	392	214	887	449 
1	90136	392	215	890	446 
1	90236	392	215	889	448 
1	90336	392	215	892	442 
1	90436	392	215	889	444 
1	90536	392	215	891	442 
1	90637	392	215	890	443 
1	90736	392	215	889	441 
1	90836	392	215	885	447 
1	90937	392	217	879	447 
1	91037	392	217	887	440 
1	91137	391	219	882	444 
1	91237	392	216	881	439 
1	91337	392	217	878	444 
1	91438	392	215	881	437 
1	91537	393	217	881	443 
1	91637	392	217	885	442 
1	91738	390	217	882	436 
1	91838	392	217	888	451 
1	91937	392	217	893	447 
1	92038	393	216	895	445 
1	92138	392	217	894	451 
1	92238	392	217	897	448 
1	92338	392	216	897	441 
1	92438	393	216	899	451 
1	92538	392	217	901	450 
1	92639	392	216	896	451 
1	92738	393	216	903	449 
1	92838	393	216	899	452 
1	92939	392	217	903	448 
1	93039	392	215	900	447 
1	93138	392	215	898	452 
1	93239	392	217	901	450 
1	93339	393	216	900	453 
1	93437	392	217	904	446 
