1	193562	476	262	961	481 
1	193564	476	262	961	481 
1	193665	474	262	960	481 
1	193765	475	263	965	480 
1	193865	475	263	965	481 
1	193965	475	263	969	483 
1	194065	476	263	971	483 
1	194165	475	263	972	484 
1	194266	475	264	969	488 
1	194365	475	263	963	494 
1	194465	475	263	973	486 
1	194566	475	263	975	485 
1	194666	476	263	976	487 
1	194765	475	262	977	490 
1	194866	478	262	982	488 
1	194966	476	264	978	491 
1	195066	478	262	980	490 
1	195166	478	262	976	496 
1	195266	478	262	983	489 
1	195366	478	262	981	493 
1	195467	478	262	983	492 
1	195566	475	264	971	500 
1	195666	475	264	977	500 
1	195767	475	264	983	491 
1	195867	475	264	982	491 
1	195966	476	263	980	490 
1	196067	475	264	977	493 
1	196167	475	263	975	491 
1	196268	475	262	975	492 
1	196367	475	263	971	492 
1	196467	473	261	969	488 
1	196568	474	263	971	490 
1	196668	472	262	968	476 
1	196767	473	262	971	477 
1	196868	471	261	972	483 
1	196968	471	262	963	487 
1	197068	471	260	969	481 
1	197168	472	261	971	485 
1	197268	470	260	966	481 
1	197368	470	260	965	482 
1	197469	471	260	968	486 
1	197568	468	260	964	481 
1	197668	469	259	960	477 
1	197769	469	259	964	482 
1	197869	468	260	958	475 
1	197968	468	259	962	479 
1	198069	466	260	954	484 
1	198169	466	260	955	485 
1	198269	465	257	954	483 
1	198369	464	257	955	475 
1	198469	464	256	945	479 
1	198569	462	256	946	471 
1	198670	462	255	943	470 
1	198769	460	254	938	471 
1	198870	458	255	936	465 
1	198970	456	253	927	462 
1	199070	456	251	922	464 
1	199170	452	252	918	448 
1	199270	452	252	914	461 
1	199370	450	249	910	455 
1	199471	448	248	906	454 
1	199570	445	247	894	455 
1	199670	442	246	889	457 
1	199771	439	244	889	443 
1	199871	437	244	883	446 
1	199970	434	241	878	440 
1	200071	431	239	867	448 
1	200171	427	237	865	433 
1	200271	426	236	863	433 
1	200372	422	235	857	432 
1	200471	420	233	852	430 
1	200571	416	231	846	421 
1	200672	412	229	836	422 
1	200772	412	227	833	421 
1	200871	407	227	833	414 
1	200972	403	225	823	415 
1	201072	399	223	813	407 
1	201172	397	219	807	411 
1	201272	392	216	805	403 
1	201372	382	212	796	404 
1	201473	374	206	793	399 
1	201573	367	205	785	397 
1	201672	361	200	778	385 
1	201773	348	193	774	386 
1	201873	341	188	761	388 
1	201973	336	186	755	379 
1	202073	332	184	749	385 
1	202173	328	182	750	369 
1	202273	326	180	739	375 
1	202374	322	178	725	361 
1	202473	318	176	722	362 
1	202573	305	169	716	358 
1	202674	300	167	709	355 
1	202774	294	164	702	343 
1	202873	287	160	694	354 
1	202974	285	158	683	341 
1	203074	282	155	675	348 
1	203174	282	154	672	340 
1	203274	278	155	664	327 
1	203374	276	155	657	325 
1	203474	273	153	650	337 
1	203575	270	151	643	328 
1	203674	268	150	636	325 
1	203774	264	148	627	313 
1	203875	262	147	620	319 
1	203975	260	146	614	314 
1	204075	260	142	607	308 
1	204175	254	143	599	307 
1	204275	252	144	594	295 
1	204376	249	140	585	299 
1	204475	247	138	581	289 
1	204575	244	137	575	285 
1	204676	243	136	561	289 
1	204776	241	136	555	286 
1	204875	242	132	549	279 
1	204976	238	136	538	269 
1	205076	240	130	537	273 
1	205176	237	130	522	273 
1	205276	236	130	516	269 
1	205376	234	131	513	263 
1	205476	235	130	509	257 
1	205577	234	129	499	257 
1	205581	234	129	499	257 
1	205681	234	128	497	256 
1	205782	234	128	495	259 
1	205882	234	128	508	264 
1	205982	235	129	518	267 
1	206082	235	130	530	265 
1	206182	236	129	530	274 
1	206282	236	130	542	274 
1	206383	237	130	540	286 
1	206482	235	133	557	284 
1	206582	238	130	559	288 
1	206683	236	132	561	298 
1	206783	240	130	569	301 
1	206882	238	132	580	297 
1	206983	240	131	587	299 
1	207083	238	136	592	307 
1	207183	240	134	595	308 
1	207283	239	135	606	309 
1	207383	240	134	608	312 
1	207483	240	134	614	310 
1	207584	240	135	624	319 
1	207683	241	135	632	320 
1	207783	241	136	639	317 
1	207884	244	133	642	331 
1	207984	242	136	652	329 
1	208083	243	136	653	338 
1	208184	243	137	664	336 
1	208284	244	136	674	334 
1	208385	245	135	669	347 
1	208484	244	137	679	343 
1	208584	246	138	679	345 
1	208685	246	138	688	353 
1	208785	247	138	693	356 
1	208884	247	139	695	362 
1	208985	248	139	708	357 
1	209085	248	140	712	363 
1	209185	249	140	718	344 
1	209285	250	140	723	366 
1	209385	251	140	729	370 
1	209485	252	140	738	371 
1	209586	252	141	737	366 
1	209685	253	143	744	377 
1	209785	255	142	753	379 
1	209886	256	143	760	370 
1	209986	260	143	765	385 
1	210085	261	146	772	386 
1	210186	263	146	776	389 
1	210286	265	148	782	392 
1	210386	266	149	787	396 
1	210486	267	151	788	401 
1	210586	270	151	801	401 
1	210686	272	152	800	410 
1	210787	275	153	813	396 
1	210886	276	154	813	412 
1	210987	279	155	822	414 
1	211087	282	158	826	422 
1	211187	283	158	829	424 
1	211287	286	159	838	423 
1	211387	287	161	842	428 
1	211487	289	161	847	428 
1	211588	293	163	853	431 
1	211687	297	165	862	431 
1	211787	300	166	861	435 
1	211888	304	168	870	433 
1	211988	306	170	869	442 
1	212087	310	174	873	441 
1	212188	313	174	878	445 
1	212288	317	176	886	447 
1	212388	320	177	892	433 
1	212488	322	179	894	452 
1	212588	324	179	893	450 
1	212688	328	181	895	456 
1	212789	331	183	904	455 
1	212888	333	184	910	456 
1	212988	337	186	912	463 
1	213089	342	189	914	464 
1	213189	348	193	910	469 
1	213288	354	196	911	466 
1	213389	359	198	921	463 
1	213489	362	200	923	461 
1	213590	366	202	924	464 
1	213689	370	202	922	467 
1	213789	373	205	925	458 
1	213890	377	207	931	464 
1	213990	379	210	931	463 
1	214090	384	211	936	466 
1	214190	387	213	937	451 
1	214290	392	215	937	464 
1	214390	394	219	941	477 
1	214491	399	219	937	485 
1	214590	400	223	953	470 
1	214690	403	225	945	480 
1	214791	407	226	951	476 
1	214891	412	227	947	479 
1	214990	415	231	947	475 
1	215091	425	236	952	476 
1	215191	441	244	952	477 
1	215291	458	254	954	477 
1	215391	462	256	951	481 
1	215491	464	257	950	478 
1	215591	466	260	953	476 
1	215692	468	258	952	479 
1	215791	468	260	953	477 
1	215891	470	260	955	478 
1	215992	470	261	954	478 
1	216092	472	261	953	479 
1	216192	471	261	953	479 
1	216292	473	261	955	475 
1	216392	473	262	947	483 
1	216493	471	261	949	477 
1	216592	474	262	953	475 
1	216692	473	263	953	463 
1	216793	474	262	949	477 
1	216893	475	263	951	474 
1	216992	475	263	951	471 
1	217093	476	263	950	471 
1	217193	475	263	948	474 
1	217293	475	263	946	475 
1	217393	476	263	942	467 
1	217493	475	263	945	473 
1	217593	476	263	948	472 
1	217598	476	263	948	472 
