1	63852	1088	578	10127	5189	17.79 
1	63904	1088	578	10121	5187	17.86 
1	63956	1088	577	10118	5183	18.01 
1	64009	1087	575	10112	5181	18.01 
1	64062	1087	577	10109	5171	17.86 
1	64114	1088	577	10109	5175	17.51 
1	64166	1088	577	10115	5181	17.16 
1	64219	1088	576	10101	5168	17.16 
1	64272	1087	577	10102	5176	17.23 
1	64324	1088	578	10110	5182	17.30 
1	64376	1087	578	10119	5187	17.37 
1	64429	1088	577	10107	5177	17.23 
1	64482	1087	576	10103	5175	16.87 
1	64534	1087	577	10107	5182	16.66 
1	64586	1087	576	10105	5175	16.66 
1	64638	1087	576	10109	5178	16.73 
1	64691	1087	576	10105	5171	16.87 
1	64744	1083	574	10091	5170	16.87 
1	64796	1084	575	10083	5168	16.66 
1	64848	1083	575	10086	5163	16.38 
1	64901	1084	574	10088	5171	16.23 
1	64954	1083	572	10090	5169	16.23 
1	65006	1083	574	10089	5172	16.30 
1	65058	1066	564	10085	5164	16.52 
1	65111	1045	553	10020	5131	16.45 
1	65163	1044	552	9968	5106	16.30 
1	65216	1049	556	9959	5101	16.02 
1	65268	1050	557	10037	5146	15.81 
1	65320	1044	550	10037	5143	15.88 
1	65373	1030	544	10035	5141	16.02 
1	65425	1017	541	9857	5053	16.09 
1	65478	1004	534	9768	5002	16.16 
1	65530	1023	543	9919	5078	15.95 
1	65583	1019	541	9898	5059	15.67 
1	65635	1029	546	9908	5066	15.52 
1	65687	1028	545	9916	5076	15.52 
1	65740	1032	548	9935	5085	15.67 
1	65793	1051	557	9997	5111	15.81 
1	65845	1065	565	10060	5145	15.81 
1	65897	1078	570	10111	5174	15.60 
1	65949	1087	576	10153	5192	15.38 
1	66002	1107	586	10233	5238	15.24 
1	66055	1171	625	10295	5268	15.24 
1	66107	1193	626	10333	5280	15.38 
1	66159	1208	641	10359	5295	15.52 
1	66212	1227	651	10363	5299	15.52 
1	66265	1262	667	10306	5275	15.31 
1	66317	1308	694	10388	5307	15.10 
1	66369	1353	717	10451	5346	14.96 
1	66421	1365	727	10539	5389	14.96 
1	66475	1370	730	10633	5435	15.10 
1	66527	1413	749	10732	5488	15.24 
1	66579	1424	752	10766	5513	15.24 
1	66631	1429	759	10768	5516	15.03 
1	66684	1429	757	10716	5489	14.82 
1	66737	1426	755	10810	5541	14.67 
1	66789	1353	719	10827	5553	14.74 
1	66841	1281	680	10850	5565	14.96 
1	66893	1145	607	10786	5537	15.10 
1	66947	1016	540	10709	5507	15.03 
1	66999	835	442	10485	5402	14.89 
1	67051	514	271	10238	5279	14.67 
1	67103	387	206	9812	5068	14.53 
1	67155	312	166	9154	4738	14.60 
1	67209	263	143	8992	4653	14.74 
1	67261	223	123	8531	4415	14.96 
1	67313	189	102	7850	4054	14.96 
1	67365	153	81	7034	3631	14.74 
1	67418	120	64	6026	3105	14.53 
1	67470	96	50	4658	2396	14.46 
1	67522	77	42	3790	1951	14.46 
1	67574	65	35	3354	1723	14.60 
1	67627	59	32	3044	1560	14.82 
1	67679	53	32	2699	1389	14.82 
1	67731	51	28	2417	1239	14.74 
1	67783	48	27	2024	1041	14.53 
1	67835	48	26	1796	922	14.39 
1	67888	47	26	1552	794	14.32 
1	67940	47	26	1452	748	14.46 
1	67992	47	27	1309	674	14.60 
1	68044	47	27	1208	614	14.74 
1	68097	47	26	1067	553	14.74 
1	68149	47	27	1021	528	14.60 
1	68201	48	27	1021	530	14.39 
1	68253	50	25	974	505	14.25 
1	68305	50	25	941	499	14.25 
1	68358	48	27	911	469	14.39 
1	68410	48	27	877	458	14.53 
1	68462	48	27	884	464	14.67 
1	68514	47	27	842	437	14.60 
1	68567	48	26	885	457	14.46 
1	68619	47	27	864	447	14.25 
1	68671	47	26	891	460	14.18 
1	68723	46	25	872	459	14.18 
1	68775	46	26	898	465	14.39 
1	68828	46	26	863	444	14.53 
1	68880	48	25	850	438	14.60 
1	68931	46	26	822	417	14.53 
1	68983	46	26	793	411	14.39 
1	69036	46	26	797	418	14.18 
1	69088	45	26	821	437	14.11 
1	69140	45	26	824	425	14.18 
1	69192	45	26	840	433	14.39 
1	69244	45	26	861	444	14.53 
1	69297	45	25	879	458	14.60 
1	69349	44	25	991	509	14.53 
1	69401	43	25	1171	599	14.32 
1	69453	43	24	1319	689	14.11 
1	69506	43	24	1527	779	14.11 
1	69558	43	25	1754	901	14.18 
1	69610	45	26	2225	1140	14.39 
1	69662	50	28	2630	1339	14.53 
1	69714	58	31	3125	1594	14.53 
1	69767	81	44	3554	1809	14.39 
1	69819	103	55	3971	2024	14.18 
1	69871	157	85	4393	2230	14.04 
1	69923	206	107	4888	2487	14.11 
1	69976	271	143	5564	2825	14.25 
1	70029	341	182	6304	3208	14.46 
1	70081	399	212	7956	4049	14.53 
1	70133	471	251	8609	4380	14.39 
1	70185	572	303	9303	4746	14.18 
1	70238	622	332	10075	5145	14.04 
1	70290	759	402	10961	5602	14.04 
1	70342	818	435	11860	6080	14.25 
1	70395	897	477	12385	6355	14.46 
1	70448	944	503	12454	6393	14.53 
1	70500	998	531	12547	6446	14.39 
1	70552	1026	546	12524	6427	14.18 
1	70604	1052	558	12506	6420	14.04 
1	70658	1050	558	12404	6378	14.04 
1	70710	1065	565	12369	6355	14.18 
1	70762	1073	571	12303	6315	14.46 
1	70814	1089	576	12261	6300	14.53 
1	70867	1080	573	12231	6283	14.32 
1	70920	1059	563	12223	6275	14.18 
1	70972	1049	556	12148	6232	13.97 
1	71024	1045	556	12077	6197	14.04 
1	71076	1063	564	12041	6182	14.25 
1	71130	1064	565	12009	6163	14.46 
1	71182	1050	556	12002	6158	14.46 
1	71234	1066	565	11985	6147	14.39 
1	71286	1089	578	11938	6121	14.11 
1	71340	1110	589	11785	6046	14.04 
1	71392	1129	595	11683	5995	14.11 
1	71444	1145	606	11657	5981	14.32 
1	71496	1153	615	11644	5975	14.53 
1	71549	1154	615	11677	5990	14.53 
1	71602	1159	614	11674	5984	14.32 
1	71654	1157	616	11632	5962	14.11 
1	71706	1155	615	11570	5938	14.04 
1	71758	1153	615	11580	5940	14.11 
1	71812	1155	615	11613	5956	14.32 
1	71864	1163	611	11602	5949	14.46 
1	71916	1163	617	11606	5946	14.46 
1	71968	1166	617	11597	5947	14.32 
1	72022	1168	621	11563	5930	14.11 
1	72074	1173	619	11554	5923	13.97 
1	72126	1179	627	11545	5914	14.11 
1	72178	1181	627	11567	5930	14.32 
1	72231	1179	625	11574	5935	14.46 
1	72284	1177	623	11593	5942	14.53 
1	72336	1175	624	11586	5938	14.25 
1	72388	1178	624	11584	5936	14.04 
1	72440	1182	628	11564	5924	13.97 
1	72494	1187	627	11515	5910	14.11 
1	72546	1191	626	11481	5889	14.32 
1	72598	1189	631	11448	5871	14.46 
1	72650	1193	633	11460	5874	14.46 
1	72704	1187	632	11476	5885	14.25 
1	72756	1182	628	11475	5880	14.04 
1	72808	1183	627	11467	5875	13.97 
1	72860	1187	630	11449	5865	14.11 
1	72913	1188	629	11431	5851	14.32 
1	72966	1187	629	11428	5852	14.46 
1	73018	1188	628	11440	5864	14.39 
1	73070	1181	628	11452	5869	14.11 
1	73122	1193	630	11464	5871	14.04 
1	73176	1199	636	11282	5793	13.97 
1	73228	1192	627	11005	5648	14.11 
1	73280	1187	628	10975	5629	14.32 
1	73332	1178	625	10921	5607	14.46 
1	73385	1156	614	10906	5601	14.39 
1	73438	1123	595	10701	5491	14.18 
1	73490	1104	585	10753	5521	14.04 
1	73542	1102	582	10772	5531	13.89 
1	73594	1102	579	10868	5584	13.97 
1	73648	1095	583	10923	5604	14.25 
1	73700	1102	580	10893	5587	14.18 
1	73752	1100	582	10899	5590	14.25 
1	73804	1104	583	10874	5578	14.04 
1	73858	1105	585	10871	5574	13.89 
1	73910	1106	587	10864	5571	13.89 
1	73962	1111	589	10860	5569	14.04 
1	74014	1117	591	10849	5565	14.25 
1	74067	1126	597	10851	5565	14.39 
1	74120	1131	598	10843	5556	14.32 
1	74172	1133	603	10843	5556	14.11 
1	74224	1136	604	10842	5559	13.97 
1	74276	1141	604	10850	5569	13.89 
1	74330	1143	607	10836	5562	14.11 
1	74382	1146	608	10835	5557	14.39 
1	74434	1148	610	10803	5535	14.46 
1	74486	1151	616	10795	5536	14.32 
1	74540	1162	616	10808	5539	14.11 
1	74592	1168	619	10822	5547	13.97 
1	74644	1176	625	10821	5549	13.97 
1	74696	1186	631	10815	5541	14.18 
1	74749	1196	634	10781	5529	14.39 
1	74802	1204	638	10775	5522	14.46 
1	74854	1223	645	10787	5526	14.32 
1	74906	1229	654	10784	5527	14.11 
1	74958	1236	654	10793	5534	13.97 
1	75012	1241	660	10783	5527	14.04 
1	75064	1243	660	10787	5527	14.25 
1	75116	1242	659	10784	5531	14.46 
1	75168	1242	657	10798	5540	14.46 
1	75222	1242	661	10786	5532	14.39 
1	75274	1242	660	10773	5522	14.18 
1	75326	1241	656	10785	5533	13.89 
1	75378	1239	658	10789	5533	13.89 
1	75431	1235	656	10766	5518	14.18 
1	75484	1231	651	10771	5521	14.39 
1	75536	1226	652	10767	5522	14.46 
1	75588	1224	646	10765	5518	14.32 
1	75640	1219	647	10753	5512	14.11 
1	75694	1218	647	10750	5510	13.89 
1	75746	1215	645	10749	5507	13.97 
1	75798	1211	647	10733	5495	14.11 
1	75850	1210	643	10744	5503	14.32 
