1	139883	460	256	1001	490 
1	139885	460	256	1001	490 
1	139985	459	255	995	505 
1	140085	460	254	999	501 
1	140185	460	255	1000	500 
1	140285	459	255	991	509 
1	140386	459	255	1001	499 
1	140485	457	254	992	499 
1	140585	459	255	998	501 
1	140686	459	255	997	503 
1	140786	460	254	998	502 
1	140886	459	255	997	503 
1	140986	459	255	992	496 
1	141086	458	254	993	497 
1	141187	459	255	995	498 
1	141286	459	255	996	495 
1	141386	459	255	998	502 
1	141487	459	255	993	500 
1	141587	460	256	993	498 
1	141686	460	255	992	494 
1	141787	459	255	989	499 
1	141887	460	255	988	491 
1	141987	460	255	985	496 
1	142087	459	255	987	491 
1	142187	460	255	980	493 
1	142287	460	255	978	496 
1	142388	460	255	982	487 
1	142488	459	256	978	492 
1	142587	460	255	974	489 
1	142688	459	255	970	489 
1	142788	460	255	971	486 
1	142888	460	255	968	486 
1	142988	460	256	966	485 
1	143088	459	255	967	483 
1	143188	461	255	961	480 
1	143289	460	255	959	483 
1	143388	460	255	953	488 
1	143489	460	255	958	471 
1	143589	461	256	956	483 
1	143689	460	255	947	481 
1	143789	459	254	951	471 
1	143889	460	256	950	478 
1	143989	458	255	945	476 
1	144090	460	255	945	475 
1	144189	459	254	940	473 
1	144289	459	255	943	470 
1	144390	459	254	936	473 
1	144490	460	254	935	474 
1	144589	458	254	930	455 
1	144690	459	254	933	464 
1	144790	460	255	931	463 
1	144890	460	255	926	464 
1	144990	460	256	924	463 
1	145090	459	255	924	457 
1	145190	459	254	913	463 
1	145291	459	254	915	459 
1	145390	459	254	909	454 
1	145490	460	255	904	459 
1	145591	459	255	902	456 
1	145691	460	255	897	455 
1	145790	460	255	896	450 
1	145891	459	255	892	437 
1	145991	459	255	888	447 
1	146092	458	254	881	445 
1	146191	459	255	877	445 
1	146291	460	254	877	439 
1	146392	459	255	875	440 
1	146492	459	255	866	437 
1	146591	459	254	865	435 
1	146692	457	253	858	431 
1	146792	458	253	853	429 
1	146892	458	254	849	424 
1	146992	459	255	840	424 
1	147092	459	254	837	422 
1	147192	459	255	832	418 
1	147293	459	254	829	414 
1	147392	458	255	817	410 
1	147492	456	254	809	406 
1	147593	458	254	802	405 
1	147693	459	254	797	400 
1	147792	458	254	786	400 
1	147893	457	254	781	395 
1	147993	457	253	779	385 
1	148093	458	255	769	378 
1	148193	458	254	765	382 
1	148293	459	255	756	382 
1	148393	459	254	753	377 
1	148494	457	254	741	373 
1	148593	457	254	737	369 
1	148694	459	254	728	370 
1	148794	459	254	724	364 
1	148894	459	254	718	361 
1	148994	459	254	708	347 
1	149094	457	254	694	357 
1	149194	456	253	692	336 
1	149295	456	253	679	347 
1	149394	456	253	671	347 
1	149494	456	253	670	335 
1	149595	456	252	657	335 
1	149695	456	252	654	311 
1	149794	456	252	639	322 
1	149895	456	253	637	322 
1	149995	458	253	628	320 
1	150095	458	253	618	320 
1	150195	457	254	612	316 
1	150295	457	254	606	309 
1	150395	458	253	604	299 
1	150496	457	254	589	302 
1	150595	457	254	587	292 
1	150695	458	254	576	294 
1	150796	458	254	565	292 
1	150896	456	252	554	287 
1	150995	457	253	548	284 
1	151096	457	254	540	281 
1	151196	457	254	534	278 
1	151297	457	253	530	267 
1	151397	457	253	518	267 
1	151496	457	253	515	249 
1	151597	457	253	505	258 
1	151697	457	253	496	258 
1	151797	456	254	487	251 
1	151897	456	251	475	250 
1	151899	456	251	475	250 
1	152000	456	251	474	244 
1	152100	456	250	475	241 
1	152200	456	251	483	243 
1	152300	457	254	491	263 
1	152400	458	253	505	261 
1	152501	458	254	517	261 
1	152600	457	254	522	267 
1	152700	458	254	533	269 
1	152801	457	254	541	271 
1	152901	458	254	547	278 
1	153000	456	252	550	283 
1	153101	458	254	561	290 
1	153201	458	253	572	291 
1	153302	456	253	580	295 
1	153401	457	255	584	302 
1	153501	457	254	596	303 
1	153602	457	253	605	304 
1	153702	457	254	609	312 
1	153802	458	254	616	315 
1	153902	457	253	624	320 
1	154002	458	254	630	327 
1	154102	457	254	640	324 
1	154203	458	254	649	328 
1	154302	458	253	661	327 
1	154402	457	254	667	334 
1	154503	456	253	672	335 
1	154603	457	254	679	343 
1	154702	456	253	684	345 
1	154803	458	254	690	353 
1	154903	458	253	699	355 
1	155003	456	254	708	357 
1	155103	458	254	712	363 
1	155203	458	254	722	364 
1	155303	458	254	727	371 
1	155404	458	253	731	379 
1	155503	456	254	740	371 
1	155603	456	253	748	367 
1	155704	457	253	752	383 
1	155804	456	252	762	384 
1	155904	458	254	767	393 
1	156004	458	254	778	391 
1	156104	459	254	787	395 
1	156205	459	254	788	402 
1	156304	459	254	795	405 
1	156404	459	255	802	405 
1	156505	459	254	810	404 
1	156605	459	255	814	411 
1	156704	459	255	821	413 
1	156805	459	255	824	417 
1	156905	460	255	828	424 
1	157005	460	254	837	420 
1	157105	460	255	845	421 
1	157205	460	255	849	428 
1	157305	459	256	854	427 
1	157406	460	255	862	430 
1	157505	460	255	863	437 
1	157605	460	255	869	441 
1	157706	459	254	874	439 
1	157806	460	255	882	440 
1	157905	460	255	887	442 
1	158006	461	255	885	448 
1	158106	460	254	892	447 
1	158206	460	256	899	449 
1	158306	460	255	895	455 
1	158406	460	255	900	447 
1	158507	460	255	911	453 
1	158607	460	255	907	460 
1	158706	461	255	912	465 
1	158807	460	255	917	463 
1	158907	461	255	922	464 
1	159007	460	256	929	465 
1	159107	459	255	927	468 
1	159207	461	256	936	473 
1	159307	460	255	934	478 
1	159408	461	255	938	478 
1	159507	460	256	946	473 
1	159607	461	255	950	474 
1	159708	461	255	953	475 
1	159808	461	256	953	479 
1	159907	459	255	958	476 
1	160008	460	256	959	482 
1	160108	461	255	961	481 
1	160208	461	256	960	483 
1	160308	461	256	965	486 
1	160408	460	254	962	485 
1	160508	461	256	971	483 
1	160609	460	255	965	487 
1	160708	461	256	975	486 
1	160808	461	256	969	492 
1	160909	460	255	974	484 
1	161009	459	255	970	489 
1	161108	461	255	975	495 
1	161209	460	256	982	487 
1	161309	461	255	980	480 
1	161410	461	256	976	494 
1	161509	460	254	977	490 
1	161609	461	256	982	487 
1	161710	460	256	977	492 
1	161810	461	256	970	497 
1	161909	461	255	976	488 
1	162010	461	255	972	490 
1	162110	460	256	972	490 
1	162210	460	255	971	489 
1	162311	459	254	968	487 
1	162410	460	255	978	494 
1	162510	460	256	996	497 
1	162611	460	255	991	502 
1	162711	460	256	996	498 
1	162810	460	255	997	500 
1	162911	460	255	997	501 
1	163011	461	255	999	502 
1	163111	460	256	998	502 
1	163211	458	255	998	500 
1	163311	459	255	996	502 
1	163411	460	256	1003	498 
1	163512	460	255	1003	498 
1	163611	461	255	997	505 
1	163712	460	256	1000	503 
1	163812	460	256	1000	502 
1	163912	460	255	1001	498 
1	163915	460	255	1001	498 
