1	88511	352	198	943	494 
1	88513	352	198	943	494 
1	88613	352	198	944	496 
1	88714	352	198	943	495 
1	88814	352	198	938	501 
1	88913	352	198	940	493 
1	89014	352	198	942	496 
1	89114	352	198	939	501 
1	89214	352	198	937	499 
1	89314	352	198	943	491 
1	89414	353	197	941	497 
1	89515	353	197	943	497 
1	89615	353	197	944	496 
1	89714	353	197	944	496 
1	89815	353	197	944	487 
1	89915	353	197	945	498 
1	90015	353	197	943	502 
1	90115	353	197	943	489 
1	90215	353	197	944	500 
1	90315	353	197	944	498 
1	90416	353	197	947	497 
1	90515	353	197	943	495 
1	90615	353	197	945	496 
1	90716	353	197	940	499 
1	90816	353	197	937	503 
1	90915	353	197	939	499 
1	91016	353	197	942	497 
1	91116	353	197	937	502 
1	91216	353	197	935	498 
1	91316	353	197	936	501 
1	91416	352	198	937	494 
1	91516	352	198	937	494 
1	91617	353	197	939	482 
1	91716	352	198	935	495 
1	91816	353	197	931	494 
1	91917	352	198	931	493 
1	92017	352	198	932	492 
1	92116	353	197	934	489 
1	92217	351	199	926	492 
1	92317	352	198	930	488 
1	92418	353	197	929	490 
1	92517	352	198	928	487 
1	92617	353	197	927	487 
1	92718	352	198	921	492 
1	92818	352	198	923	487 
1	92917	352	198	922	487 
1	93018	352	198	919	491 
1	93118	354	197	918	485 
1	93218	353	197	919	482 
1	93318	352	198	913	483 
1	93418	353	197	915	482 
1	93518	352	198	907	483 
1	93619	353	198	909	482 
1	93718	352	198	905	479 
1	93818	353	197	906	480 
1	93919	353	197	903	480 
1	94019	353	198	905	476 
1	94118	353	197	902	477 
1	94219	353	198	896	481 
1	94319	353	197	897	474 
1	94419	353	197	898	472 
1	94519	353	197	892	474 
1	94619	353	197	893	469 
1	94720	352	198	886	471 
1	94820	353	197	883	472 
1	94919	353	197	882	461 
1	95020	353	198	878	470 
1	95120	353	197	877	469 
1	95220	353	197	877	462 
1	95320	353	197	868	466 
1	95420	353	198	868	461 
1	95520	353	198	865	460 
1	95621	353	198	862	460 
1	95720	353	197	857	457 
1	95820	353	198	854	457 
1	95921	353	197	853	453 
1	96021	353	197	843	457 
1	96120	353	197	845	452 
1	96221	354	197	840	451 
1	96321	353	197	837	448 
1	96421	353	198	837	442 
1	96521	353	197	836	443 
1	96621	353	198	827	442 
1	96721	353	197	826	438 
1	96822	353	197	814	442 
1	96921	353	197	815	435 
1	97021	353	197	814	432 
1	97122	353	197	799	438 
1	97222	352	198	800	429 
1	97321	354	197	796	431 
1	97422	353	197	795	427 
1	97522	353	198	789	422 
1	97623	353	197	782	423 
1	97722	353	197	779	418 
1	97822	352	198	773	416 
1	97923	353	197	765	414 
1	98023	353	197	763	415 
1	98122	354	197	757	412 
1	98223	353	197	753	406 
1	98323	353	198	751	401 
1	98423	353	197	746	388 
1	98523	354	196	738	400 
1	98623	353	197	734	395 
1	98723	353	197	727	394 
1	98824	353	197	722	390 
1	98923	352	198	714	387 
1	99023	353	197	710	385 
1	99124	353	197	706	383 
1	99224	353	197	701	380 
1	99323	353	197	696	379 
1	99424	353	197	692	371 
1	99524	353	197	683	372 
1	99624	353	198	677	368 
1	99724	353	197	669	367 
1	99824	353	197	666	362 
1	99924	353	197	659	362 
1	100025	353	198	653	361 
1	100124	353	197	642	349 
1	100225	354	197	641	349 
1	100325	354	197	636	348 
1	100425	353	197	622	350 
1	100525	353	197	620	343 
1	100528	353	197	620	343 
1	100629	353	197	614	343 
1	100729	353	197	613	337 
1	100830	353	198	613	340 
1	100929	353	197	614	344 
1	101029	353	197	620	340 
1	101130	353	197	619	344 
1	101230	353	197	621	346 
1	101329	352	198	629	341 
1	101430	353	197	635	339 
1	101530	353	197	630	349 
1	101630	353	197	635	351 
1	101730	353	197	640	339 
1	101830	353	197	636	354 
1	101931	353	197	646	350 
1	102031	353	197	645	356 
1	102130	353	197	651	347 
1	102231	353	197	651	360 
1	102331	353	197	657	360 
1	102431	353	197	657	363 
1	102531	353	197	663	365 
1	102631	353	197	669	365 
1	102731	352	198	668	367 
1	102832	352	198	672	374 
1	102931	352	198	675	376 
1	103031	353	197	684	361 
1	103132	352	198	688	370 
1	103232	353	197	691	375 
1	103331	352	198	696	367 
1	103432	353	197	694	384 
1	103532	353	197	698	383 
1	103632	353	197	705	384 
1	103732	353	197	710	382 
1	103832	353	198	710	387 
1	103932	353	197	715	389 
1	104033	353	197	718	393 
1	104132	352	198	717	396 
1	104232	353	197	728	393 
1	104333	353	197	729	397 
1	104433	353	197	733	398 
1	104532	353	197	740	399 
1	104633	353	197	744	400 
1	104733	353	197	747	401 
1	104834	353	197	751	404 
1	104933	353	197	755	404 
1	105033	352	198	750	402 
1	105134	352	198	756	410 
1	105234	353	197	761	415 
1	105333	353	197	767	415 
1	105434	353	197	770	418 
1	105534	353	197	775	417 
1	105634	353	197	783	417 
1	105734	353	197	782	421 
1	105834	353	197	786	422 
1	105934	353	197	789	429 
1	106035	353	197	792	428 
1	106134	353	197	797	427 
1	106234	353	197	802	428 
1	106335	351	199	804	425 
1	106435	353	197	809	432 
1	106534	353	197	809	435 
1	106635	353	197	808	440 
1	106735	353	197	814	431 
1	106835	353	197	821	438 
1	106935	353	197	825	441 
1	107035	353	197	828	441 
1	107136	352	198	829	445 
1	107236	352	198	834	443 
1	107335	353	197	836	448 
1	107436	353	197	839	449 
1	107536	353	197	842	451 
1	107636	353	197	842	454 
1	107736	353	197	847	454 
1	107836	353	197	849	456 
1	107936	353	197	855	448 
1	108037	353	197	857	460 
1	108136	353	198	863	454 
1	108236	353	197	858	464 
1	108337	353	197	864	460 
1	108437	353	197	870	457 
1	108536	353	197	872	460 
1	108637	353	197	873	463 
1	108737	353	197	874	464 
1	108837	353	197	874	461 
1	108937	353	197	879	469 
1	109037	353	197	878	469 
1	109137	351	196	882	470 
1	109238	352	198	885	469 
1	109337	352	198	881	475 
1	109437	352	198	887	471 
1	109538	352	198	887	475 
1	109638	352	198	893	470 
1	109737	352	198	891	474 
1	109838	352	198	895	476 
1	109938	353	197	899	473 
1	110039	352	198	896	479 
1	110138	352	198	899	476 
1	110238	352	198	900	477 
1	110339	352	198	902	478 
1	110439	352	198	900	482 
1	110538	352	198	903	479 
1	110639	352	198	908	477 
1	110739	352	198	905	481 
1	110839	352	198	906	482 
1	110939	352	198	910	472 
1	111039	352	198	912	480 
1	111139	352	198	908	487 
1	111240	352	198	914	485 
1	111339	352	198	913	486 
1	111439	352	198	917	481 
1	111540	353	197	917	476 
1	111640	352	198	918	483 
1	111739	352	198	916	485 
1	111840	351	196	915	483 
1	111940	352	198	916	488 
1	112040	352	198	919	488 
1	112140	352	198	919	478 
1	112240	352	198	921	489 
1	112340	352	198	919	488 
1	112441	353	197	924	484 
1	112540	352	198	924	485 
1	112545	352	198	924	485 
