1	16801	317	167	3024	1521	286	199	2316	1462	2.84 
1	16855	316	166	3030	1524	291	195	2316	1464	2.62 
1	16909	316	166	3023	1528	286	201	2316	1462	2.84 
1	16962	316	166	3025	1523	286	200	2316	1464	3.26 
1	17016	315	168	3022	1527	286	201	2315	1460	2.76 
1	17070	317	168	3023	1520	286	201	2318	1459	2.20 
1	17124	318	167	3024	1519	283	204	2316	1462	3.40 
1	17177	316	169	3031	1522	289	197	2316	1464	3.40 
1	17231	317	168	3031	1522	286	201	2316	1464	2.76 
1	17285	315	167	3022	1524	290	197	2316	1464	2.69 
1	17339	318	166	3022	1522	282	208	2316	1464	2.55 
1	17392	318	167	3025	1524	286	201	2316	1463	2.91 
1	17445	316	167	3023	1524	289	197	2316	1464	3.19 
1	17500	317	167	3024	1521	290	197	2315	1463	2.76 
1	17553	317	167	3029	1521	285	202	2314	1463	2.20 
1	17607	316	166	3025	1522	289	198	2315	1462	2.98 
1	17660	317	167	3030	1519	289	197	2316	1461	3.33 
1	17715	316	168	3024	1523	290	197	2316	1461	2.76 
1	17768	315	167	3021	1520	283	203	2314	1463	2.76 
1	17822	317	167	3022	1519	289	198	2315	1461	2.62 
1	17875	317	167	3022	1519	286	201	2316	1462	2.91 
1	17930	317	167	3024	1519	288	199	2315	1462	3.40 
1	17983	315	167	3023	1521	279	207	2315	1462	2.69 
1	18037	318	166	3023	1523	290	198	2315	1460	2.13 
1	18091	317	167	3024	1521	288	199	2316	1462	2.91 
1	18144	315	169	3023	1519	289	197	2315	1462	3.19 
1	18198	316	166	3024	1523	290	197	2317	1460	2.84 
1	18251	317	167	3026	1525	286	199	2316	1462	2.69 
1	18306	318	167	3022	1520	290	197	2315	1463	2.48 
1	18359	315	167	3027	1523	286	201	2311	1461	2.91 
1	18413	315	167	3023	1521	282	205	2315	1461	3.40 
1	18466	316	168	3024	1521	290	197	2315	1462	2.69 
1	18521	316	166	3024	1521	279	208	2314	1464	2.13 
1	18574	317	167	3024	1521	286	201	2312	1463	2.91 
1	18628	317	167	3024	1520	282	205	2314	1462	2.91 
1	18681	317	168	3021	1524	290	197	2315	1461	2.84 
1	18736	315	167	3021	1521	288	199	2316	1462	2.69 
1	18789	318	167	3020	1522	290	198	2314	1463	2.41 
1	18843	315	167	3022	1520	288	198	2316	1461	2.84 
1	18896	317	167	3021	1519	286	201	2315	1459	3.47 
1	18950	318	167	3023	1519	292	195	2314	1463	2.69 
1	19004	317	167	3024	1519	290	197	2314	1462	2.06 
1	19057	318	166	3022	1520	291	196	2315	1462	2.84 
1	19111	318	166	3024	1518	289	198	2315	1461	2.76 
1	19165	315	167	3021	1524	290	198	2315	1461	2.91 
1	19219	318	167	3029	1521	286	201	2315	1462	2.76 
1	19272	318	166	3023	1519	285	202	2316	1461	2.27 
1	19326	315	167	3022	1522	289	197	2315	1463	2.84 
1	19380	317	167	3022	1525	287	201	2316	1462	3.54 
1	19434	317	167	3023	1518	283	204	2315	1463	2.62 
1	19487	318	166	3022	1528	287	201	2315	1454	2.20 
1	19542	315	167	3023	1524	283	204	2317	1461	2.91 
1	19595	317	167	3028	1525	289	198	2316	1462	2.84 
1	19648	315	169	3019	1526	286	201	2315	1459	2.91 
1	19702	316	166	3022	1521	286	201	2313	1460	2.55 
1	19756	315	167	3030	1519	289	198	2314	1460	2.20 
1	19810	318	167	3027	1524	283	204	2314	1462	2.91 
1	19863	317	167	3023	1522	290	197	2314	1459	3.54 
1	19917	315	169	3023	1519	286	202	2315	1462	2.62 
1	19971	315	167	3023	1524	279	208	2314	1462	2.27 
1	20025	315	170	3020	1523	287	200	2315	1457	2.84 
1	20078	315	167	3022	1518	286	201	2314	1457	2.84 
1	20132	318	166	3026	1521	286	200	2314	1458	3.05 
1	20186	315	167	3030	1522	286	201	2314	1463	2.69 
1	20240	318	166	3030	1521	286	202	2315	1461	2.20 
1	20293	318	166	3021	1521	289	199	2316	1459	2.91 
1	20347	316	166	3026	1521	289	197	2315	1462	3.47 
1	20401	317	167	3021	1524	288	199	2310	1466	2.62 
1	20455	316	166	3025	1519	279	207	2315	1462	2.34 
1	20508	318	166	3024	1524	286	201	2315	1462	2.84 
1	20561	316	169	3023	1522	286	200	2314	1463	2.76 
1	20616	317	167	3024	1520	288	198	2315	1459	3.12 
1	20669	316	167	3030	1524	290	197	2316	1462	2.84 
1	20723	318	166	3024	1524	289	198	2310	1467	2.20 
1	20776	315	169	3025	1525	288	199	2315	1461	2.98 
1	20831	317	165	3021	1523	286	200	2314	1463	3.54 
1	20884	317	167	3029	1517	289	198	2315	1462	2.76 
1	20938	318	166	3024	1522	291	196	2314	1457	2.62 
1	20992	317	165	3026	1520	286	201	2314	1463	2.76 
1	21046	317	167	3023	1521	288	198	2315	1461	2.91 
1	21099	318	166	3023	1523	291	195	2316	1461	3.19 
1	21153	315	167	3024	1527	289	198	2315	1460	2.76 
1	21207	315	167	3023	1521	289	197	2316	1455	2.13 
1	21260	317	167	3023	1519	290	197	2316	1463	3.05 
1	21314	318	167	3022	1522	286	201	2315	1464	3.47 
1	21367	316	166	3022	1520	290	197	2316	1459	2.76 
1	21422	317	167	3025	1527	289	199	2314	1461	2.84 
1	21475	315	167	3019	1522	290	197	2315	1461	2.76 
1	21529	317	167	3023	1518	289	197	2315	1462	2.91 
1	21582	317	167	3025	1519	290	198	2311	1461	3.26 
1	21637	318	167	3022	1524	286	201	2314	1460	2.69 
1	21690	315	167	3031	1523	286	201	2310	1461	2.13 
1	21744	315	167	3030	1520	286	201	2312	1461	2.98 
1	21797	317	167	3024	1521	289	198	2314	1459	3.40 
1	21852	315	167	3019	1524	286	201	2314	1457	2.76 
1	21905	315	169	3029	1521	282	206	2311	1460	2.84 
1	21958	315	167	3023	1525	289	197	2314	1458	2.69 
1	22012	315	167	3026	1520	290	197	2315	1457	2.91 
1	22066	315	169	3023	1520	289	198	2315	1457	3.33 
1	22120	317	167	3023	1518	292	195	2315	1461	2.69 
1	22173	317	167	3022	1519	286	201	2314	1460	2.13 
1	22227	315	167	3022	1518	286	200	2314	1452	2.98 
1	22281	315	169	3020	1522	289	198	2312	1463	3.33 
1	22335	315	166	3024	1524	286	200	2314	1459	2.91 
1	22388	315	167	3025	1524	289	198	2315	1461	2.76 
1	22443	318	167	3019	1521	286	200	2315	1461	2.62 
1	22496	318	166	3023	1527	288	199	2315	1459	2.84 
1	22550	316	167	3020	1520	291	195	2315	1462	3.40 
1	22603	317	167	3019	1519	291	196	2311	1460	2.84 
1	22658	315	169	3022	1528	286	201	2311	1460	2.13 
1	22711	318	166	3023	1519	286	201	2310	1460	2.98 
1	22764	317	167	3023	1519	290	197	2311	1460	3.19 
1	22818	318	166	3024	1521	286	201	2314	1458	2.84 
1	22872	315	169	3023	1526	286	201	2310	1460	2.91 
1	22926	315	166	3022	1518	290	197	2314	1462	2.48 
1	22979	318	167	3024	1520	289	196	2314	1458	2.84 
1	23033	317	167	3023	1518	288	199	2311	1461	3.40 
1	23087	317	167	3022	1519	286	200	2311	1458	2.76 
1	23141	317	167	3023	1518	290	198	2311	1461	2.13 
1	23194	316	166	3021	1520	279	207	2311	1459	2.91 
1	23248	318	167	3019	1520	278	209	2311	1459	2.91 
1	23302	316	166	3019	1519	289	197	2311	1459	2.91 
1	23356	318	166	3022	1521	286	200	2311	1460	2.76 
1	23409	315	166	3022	1522	286	200	2311	1458	2.34 
1	23463	318	167	3023	1518	286	202	2311	1462	2.98 
1	23517	317	167	3020	1522	286	200	2311	1461	3.47 
1	23570	317	167	3022	1519	286	201	2311	1461	2.69 
1	23624	317	168	3023	1521	279	208	2310	1461	2.13 
1	23677	318	166	3023	1517	286	200	2311	1460	2.91 
1	23732	318	166	3020	1520	286	201	2311	1460	2.84 
1	23785	317	167	3020	1519	286	200	2311	1459	2.91 
1	23839	317	167	3024	1521	288	198	2310	1461	2.91 
1	23892	317	167	3021	1520	286	201	2311	1461	2.27 
1	23947	315	167	3022	1520	283	203	2310	1461	2.84 
1	24000	317	167	3021	1520	287	200	2310	1460	3.40 
1	24054	317	167	3019	1520	282	202	2310	1460	2.48 
1	24108	316	168	3019	1522	282	204	2313	1449	2.20 
1	24162	317	165	3022	1519	286	200	2311	1460	2.84 
1	24215	317	167	3015	1527	291	195	2311	1460	2.84 
1	24268	316	166	3021	1519	290	197	2311	1461	2.98 
1	24323	317	167	3019	1520	289	197	2310	1461	2.76 
1	24376	317	167	3020	1518	288	199	2311	1461	2.34 
1	24430	317	167	3022	1519	290	197	2314	1453	2.84 
1	24483	315	169	3025	1526	282	206	2314	1460	3.40 
1	24538	318	166	3020	1526	282	205	2314	1457	2.55 
1	24591	318	167	3018	1524	284	203	2314	1458	2.27 
1	24645	317	167	3018	1523	286	199	2315	1458	3.05 
1	24698	315	167	3020	1519	286	201	2310	1460	2.84 
1	24753	317	167	3025	1522	290	196	2311	1460	2.98 
1	24806	315	169	3027	1525	289	197	2310	1462	2.62 
1	24860	314	167	3020	1521	286	199	2310	1461	2.27 
1	24913	317	167	3020	1518	289	197	2312	1459	2.98 
1	24968	315	167	3021	1520	290	197	2310	1460	3.47 
1	25021	315	167	3021	1517	279	207	2310	1460	2.62 
1	25074	315	167	3021	1517	286	201	2310	1461	2.34 
1	25128	315	167	3021	1519	288	200	2310	1460	2.84 
1	25182	317	167	3019	1521	290	197	2310	1460	2.84 
1	25236	317	167	3020	1519	290	198	2310	1458	3.05 
1	25289	315	168	3024	1519	290	198	2311	1460	2.69 
1	25344	315	167	3022	1518	289	197	2311	1460	2.27 
1	25397	318	166	3022	1517	290	196	2311	1460	2.91 
1	25451	315	167	3021	1519	279	208	2311	1461	3.54 
1	25504	317	167	3023	1517	286	200	2310	1461	2.69 
1	25559	317	167	3021	1517	290	197	2310	1460	2.48 
1	25612	315	167	3022	1518	288	198	2313	1458	2.84 
1	25666	315	167	3019	1521	286	200	2311	1461	2.76 
1	25719	315	167	3025	1519	289	198	2312	1458	3.05 
1	25773	317	167	3022	1518	289	198	2310	1461	2.84 
1	25827	317	167	3023	1520	286	201	2310	1452	2.20 
1	25880	316	166	3020	1522	289	197	2311	1459	2.98 
1	25934	317	167	3019	1520	283	203	2310	1452	3.62 
1	25988	315	167	3018	1518	282	204	2311	1461	2.69 
1	26042	318	166	3019	1521	289	197	2311	1460	2.76 
1	26095	317	166	3023	1518	291	195	2310	1459	2.76 
1	26149	317	166	3022	1521	289	197	2313	1459	2.84 
1	26203	317	164	3025	1522	290	197	2315	1457	3.26 
1	26257	315	166	3021	1519	286	201	2313	1459	2.76 
1	26310	315	167	3023	1520	286	200	2312	1459	2.20 
1	26364	317	167	3017	1524	279	207	2310	1461	2.98 
1	26418	317	167	3023	1520	286	203	2310	1461	3.40 
1	26472	315	167	3021	1520	283	204	2311	1461	2.76 
1	26525	317	167	3020	1519	286	201	2310	1459	2.76 
1	26578	315	167	3018	1518	279	208	2311	1461	2.69 
1	26633	317	166	3017	1520	290	197	2311	1461	2.84 
1	26686	316	165	3019	1516	286	200	2311	1460	3.33 
1	26740	315	166	3018	1522	290	197	2313	1458	2.76 
1	26793	315	166	3017	1523	286	202	2310	1461	2.20 
1	26848	315	168	3022	1517	290	198	2311	1461	3.05 
1	26901	315	167	3020	1519	285	201	2314	1455	3.33 
1	26955	317	166	3018	1523	284	203	2311	1461	2.76 
1	27009	317	166	3021	1518	288	199	2311	1461	2.76 
1	27063	315	166	3016	1519	286	201	2309	1460	2.62 
1	27116	315	166	3020	1516	282	205	2310	1459	2.91 
1	27170	317	166	3016	1521	286	201	2311	1460	3.40 
1	27224	315	166	3019	1520	290	196	2314	1458	2.84 
1	27278	315	166	3023	1521	282	204	2314	1458	2.13 
1	27331	315	166	3024	1519	281	205	2311	1460	3.12 
1	27384	315	167	3019	1516	282	205	2310	1460	3.33 
1	27439	315	167	3018	1518	286	200	2310	1460	2.91 
1	27492	315	167	3017	1518	282	204	2310	1461	2.76 
1	27546	315	167	3020	1516	286	201	2311	1458	2.55 
1	27599	315	166	3020	1523	290	197	2311	1460	2.84 
1	27654	317	166	3019	1518	290	197	2311	1460	3.33 
1	27707	316	167	3016	1521	290	197	2311	1460	2.76 
1	27761	315	166	3024	1521	286	202	2306	1465	2.13 
1	27814	315	166	3019	1518	289	197	2310	1456	2.98 
1	27869	315	166	3023	1518	282	205	2310	1460	3.19 
1	27922	317	166	3021	1523	289	199	2310	1461	2.84 
1	27976	316	166	3019	1519	279	207	2310	1460	2.84 
1	28029	317	166	3022	1518	286	200	2310	1460	2.62 
1	28084	315	166	3017	1518	286	200	2310	1461	2.84 
1	28137	314	167	3023	1519	286	200	2310	1459	3.40 
1	28190	315	166	3022	1520	291	196	2312	1459	2.76 
1	28244	316	167	3018	1517	289	198	2311	1459	2.13 
1	28298	317	166	3017	1517	289	198	2310	1460	3.05 
1	28352	317	166	3018	1519	286	201	2310	1460	3.12 
1	28405	315	166	3017	1516	286	200	2311	1459	2.76 
1	28460	317	167	3018	1517	290	197	2310	1460	2.84 
1	28513	316	165	3018	1516	285	201	2310	1457	2.41 
1	28567	316	167	3014	1522	284	202	2310	1461	2.84 
1	28620	315	167	3016	1519	286	201	2313	1458	3.40 
1	28675	317	166	3020	1519	286	201	2310	1461	2.76 
1	28728	315	166	3022	1516	286	202	2310	1460	2.13 
1	28782	317	167	3020	1525	286	200	2310	1461	2.84 
1	28835	317	167	3017	1521	282	206	2309	1460	2.91 
1	28890	315	167	3020	1516	284	202	2310	1460	2.91 
1	28943	315	167	3020	1524	289	197	2310	1460	2.84 
1	28996	317	166	3018	1523	290	197	2310	1460	2.41 
1	29050	315	167	3021	1519	286	200	2310	1460	2.69 
1	29104	315	166	3019	1519	290	196	2311	1459	3.40 
1	29158	315	168	3017	1515	291	196	2311	1460	2.69 
1	29211	315	167	3015	1518	286	200	2310	1459	2.20 
1	29265	315	166	3020	1522	289	198	2310	1461	2.91 
1	29319	314	167	3019	1520	290	198	2310	1461	2.84 
1	29373	316	167	3024	1518	285	201	2310	1452	2.91 
1	29426	315	168	3021	1518	282	206	2309	1460	2.84 
1	29480	317	166	3021	1520	286	201	2309	1460	2.27 
1	29534	315	167	3016	1518	285	202	2309	1451	2.98 
1	29588	317	166	3013	1520	286	201	2309	1460	3.40 
1	29641	315	167	3016	1519	289	198	2309	1458	2.69 
1	29694	315	166	3018	1519	288	199	2309	1460	2.27 
1	29749	315	166	3014	1520	289	197	2309	1460	2.91 
1	29802	317	166	3021	1518	284	202	2309	1461	2.84 
1	29856	317	166	3019	1518	286	200	2310	1460	2.98 
1	29910	315	166	3015	1518	282	205	2311	1459	2.69 
1	29964	315	166	3018	1519	292	195	2310	1457	2.27 
1	30017	315	166	3018	1516	285	201	2310	1460	2.98 
1	30071	316	168	3019	1515	282	204	2310	1459	3.47 
1	30125	315	166	3016	1521	278	209	2310	1460	2.69 
1	30179	315	168	3017	1518	289	197	2310	1460	2.20 
1	30232	317	166	3017	1515	289	197	2309	1460	2.84 
1	30286	317	166	3015	1519	282	204	2309	1460	2.76 
1	30340	315	167	3016	1517	290	196	2309	1460	2.98 
1	30393	317	166	3015	1520	286	201	2309	1459	2.76 
1	30447	317	166	3018	1518	289	195	2309	1458	2.27 
1	30500	315	166	3017	1514	290	197	2309	1456	2.98 
1	30555	317	166	3016	1522	282	204	2308	1459	3.47 
1	30608	317	167	3017	1521	289	198	2309	1458	2.62 
1	30662	315	166	3021	1520	291	195	2309	1460	2.34 
1	30715	315	168	3020	1517	286	201	2309	1457	2.84 
1	30770	317	166	3022	1517	282	204	2308	1459	2.91 
1	30823	317	166	3015	1517	282	204	2307	1459	3.12 
1	30877	314	167	3017	1515	282	205	2308	1461	2.84 
1	30930	315	167	3017	1519	289	197	2309	1459	2.27 
1	30985	315	166	3013	1520	289	197	2308	1459	2.84 
1	31038	315	168	3016	1518	282	205	2308	1460	3.33 
1	31092	315	166	3017	1518	289	195	2309	1460	2.69 
1	31145	317	166	3019	1518	290	197	2309	1457	2.48 
1	31199	317	167	3020	1520	282	204	2308	1459	2.76 
1	31253	317	166	3019	1515	289	197	2309	1460	2.84 
1	31306	315	166	3014	1519	289	198	2309	1459	3.19 
1	31361	315	166	3016	1518	289	198	2309	1460	2.76 
1	31414	317	166	3017	1516	289	198	2308	1459	2.13 
1	31468	317	166	3017	1515	289	197	2310	1457	3.05 
1	31521	315	168	3019	1521	286	200	2311	1457	3.54 
1	31576	314	169	3021	1519	289	198	2308	1458	2.76 
1	31629	317	166	3020	1521	289	197	2308	1457	2.76 
1	31683	317	166	3019	1515	286	201	2308	1459	2.76 
1	31736	314	168	3018	1521	286	200	2308	1458	2.84 
1	31791	317	166	3021	1520	286	201	2309	1450	3.19 
1	31844	315	166	3019	1516	289	197	2308	1459	2.55 
1	31898	315	168	3015	1520	288	199	2307	1459	2.20 
1	31951	317	167	3018	1516	286	201	2309	1459	3.05 
1	32005	317	166	3019	1515	282	204	2309	1459	3.47 
1	32059	314	169	3017	1518	282	204	2308	1459	2.76 
1	32112	317	166	3020	1519	289	197	2308	1460	2.76 
1	32166	317	164	3022	1518	281	197	2308	1459	2.55 
1	32220	309	163	2907	1456	284	190	2219	1408	2.76 
1	32274	309	163	2954	1486	283	193	2249	1422	3.40 
1	32327	309	162	2931	1475	283	193	2260	1425	2.69 
1	32381	308	164	2952	1488	280	191	2244	1419	2.13 
1	32435	308	164	2953	1486	290	197	2268	1433	2.91 
1	32489	311	166	2994	1502	279	195	2265	1430	3.19 
1	32542	307	162	2906	1462	286	195	2270	1436	2.69 
1	32596	312	166	3015	1514	284	194	2267	1434	2.76 
1	32650	308	162	2938	1474	285	193	2270	1437	2.55 
1	32703	312	164	2969	1489	282	198	2268	1434	2.84 
1	32757	311	164	2972	1498	289	190	2273	1436	3.26 
1	32811	311	165	2968	1493	283	196	2266	1433	2.76 
1	32865	311	163	2964	1490	287	192	2274	1436	1.98 
1	32918	311	164	2975	1501	280	199	2268	1433	3.05 
1	32972	312	164	2970	1490	281	198	2272	1436	3.26 
1	33026	311	164	2968	1488	278	200	2268	1434	2.48 
1	33080	309	164	2970	1487	286	194	2273	1436	2.69 
1	33133	311	164	2963	1490	284	193	2268	1435	2.84 
1	33187	312	165	2974	1494	282	198	2274	1437	2.69 
1	33241	310	164	2961	1496	280	197	2270	1435	3.47 
1	33295	311	164	2976	1499	279	202	2275	1440	2.62 
1	33348	311	164	2965	1489	285	192	2271	1434	1.84 
1	33402	313	164	2971	1496	287	194	2275	1439	2.91 
1	33456	312	164	2968	1487	286	192	2271	1436	3.26 
1	33510	312	162	2970	1496	286	195	2274	1437	2.69 
1	33563	312	164	2971	1495	285	195	2272	1434	2.69 
1	33616	311	165	2971	1496	278	201	2273	1436	2.41 
1	33671	312	164	2968	1494	282	197	2273	1437	2.76 
1	33724	310	164	2973	1496	279	201	2272	1436	3.26 
1	33778	310	165	2970	1490	283	196	2274	1437	2.62 
1	33831	310	164	2968	1492	286	194	2271	1436	2.06 
1	33886	312	164	2969	1496	286	193	2274	1437	2.84 
1	33939	310	164	2968	1491	286	194	2272	1436	3.12 
1	33993	312	164	2967	1497	275	204	2273	1436	2.76 
1	34046	311	164	2960	1495	285	194	2273	1437	2.76 
1	34101	310	165	2969	1495	279	201	2272	1438	2.41 
1	34154	312	164	2967	1491	277	201	2273	1436	2.76 
1	34208	310	164	2969	1489	287	195	2274	1437	3.40 
1	34262	310	164	2969	1487	283	195	2272	1437	2.55 
1	34316	312	163	2975	1495	280	200	2274	1437	1.98 
1	34369	310	164	2970	1497	281	198	2274	1437	3.12 
1	34422	312	164	2973	1495	283	198	2273	1435	2.69 
1	34477	310	164	2973	1498	278	199	2274	1439	2.76 
1	34530	310	164	2971	1492	282	198	2271	1436	2.91 
1	34584	310	164	2968	1498	279	200	2275	1438	2.41 
1	34637	310	164	2974	1494	286	194	2272	1434	2.55 
1	34692	313	164	2975	1495	286	195	2277	1437	3.54 
1	34745	312	164	2974	1493	285	194	2272	1437	2.69 
1	34799	310	164	2970	1492	282	198	2274	1436	2.06 
1	34852	312	164	2970	1491	279	201	2274	1438	2.69 
1	34907	310	165	2970	1489	282	198	2270	1442	2.84 
1	34960	312	165	2969	1496	285	194	2273	1438	2.76 
1	35014	310	164	2968	1493	285	193	2273	1437	2.62 
1	35067	312	165	2977	1495	282	197	2273	1438	2.27 
1	35122	310	164	2969	1495	278	200	2273	1437	2.84 
1	35175	310	165	2971	1495	269	211	2273	1438	3.26 
1	35228	310	167	2968	1493	278	201	2275	1437	2.69 
1	35282	312	164	2968	1491	282	198	2273	1437	2.20 
1	35336	313	165	2973	1496	278	202	2275	1437	2.84 
1	35390	312	163	2970	1486	279	201	2273	1434	2.76 
1	35443	313	162	2971	1498	279	199	2276	1436	2.76 
1	35497	312	165	2968	1494	278	201	2276	1438	2.76 
1	35551	312	165	2972	1493	289	191	2275	1436	2.20 
1	35605	312	165	2970	1479	283	197	2277	1436	2.84 
1	35658	313	165	2975	1494	282	196	2274	1437	3.40 
1	35713	312	163	2971	1494	285	194	2275	1430	2.62 
1	35766	310	165	2971	1495	283	197	2276	1439	2.20 
1	35820	312	164	2972	1494	282	197	2273	1436	2.76 
1	35873	313	162	2972	1496	284	196	2276	1437	2.76 
1	35928	311	165	2971	1492	281	198	2273	1438	3.05 
1	35981	310	165	2974	1494	283	198	2277	1437	2.84 
1	36034	312	164	2969	1494	278	201	2271	1441	2.06 
1	36088	312	165	2971	1499	286	194	2276	1438	2.84 
1	36142	312	165	2975	1498	289	191	2276	1437	3.40 
1	36196	309	165	2976	1495	281	198	2276	1438	2.55 
1	36249	312	165	2971	1495	279	201	2274	1439	2.13 
1	36303	313	162	2972	1495	282	198	2277	1439	2.69 
1	36357	312	164	2970	1496	282	198	2275	1437	2.69 
1	36411	313	164	2970	1496	286	194	2278	1444	3.05 
1	36464	310	164	2975	1495	282	198	2274	1436	2.62 
1	36518	310	165	2972	1495	286	194	2278	1444	1.98 
1	36572	312	164	2972	1496	285	192	2275	1438	2.69 
1	36626	312	164	2974	1493	282	198	2278	1443	3.33 
1	36679	310	166	2970	1496	287	193	2277	1439	2.76 
1	36733	312	165	2975	1494	285	195	2279	1436	2.41 
1	36787	312	165	2973	1494	287	193	2275	1438	2.76 
1	36840	312	165	2973	1493	281	198	2277	1444	2.84 
1	36894	310	164	2973	1495	286	195	2274	1438	3.19 
1	36947	311	166	2970	1492	282	196	2278	1443	2.48 
1	37002	310	165	2973	1493	286	195	2275	1438	1.98 
1	37055	312	164	2968	1494	287	192	2275	1437	2.91 
1	37109	311	166	2971	1495	287	195	2278	1441	3.62 
1	37163	312	164	2971	1492	278	200	2274	1438	2.69 
1	37217	313	164	2972	1494	279	200	2272	1448	2.76 
1	37270	312	165	2969	1493	280	199	2275	1438	2.91 
1	37324	313	164	2971	1493	283	198	2277	1443	2.91 
1	37378	312	165	2974	1495	278	201	2277	1439	3.12 
1	37432	313	165	2973	1496	283	199	2277	1439	2.69 
1	37485	310	164	2969	1493	280	198	2278	1445	2.06 
1	37539	313	165	2968	1491	287	194	2276	1439	2.84 
1	37593	312	165	2971	1491	283	197	2278	1442	3.40 
1	37646	312	165	2974	1493	282	198	2276	1438	2.76 
1	37700	313	164	2970	1489	286	194	2277	1439	2.62 
1	37753	310	165	2970	1494	279	202	2277	1443	2.84 
1	37808	312	164	2970	1486	282	196	2276	1440	2.76 
1	37861	311	165	2971	1494	284	196	2278	1445	3.33 
1	37915	312	164	2967	1490	282	198	2273	1437	2.62 
1	37968	311	164	2974	1495	279	202	2281	1441	2.06 
1	38023	310	165	2971	1494	278	201	2270	1442	2.98 
1	38076	312	164	2961	1492	282	199	2278	1442	3.33 
1	38130	311	165	2974	1494	282	198	2278	1441	2.62 
1	38183	310	164	2958	1486	286	194	2277	1439	2.62 
1	38238	310	164	2990	1506	282	197	2278	1443	2.84 
1	38291	313	165	2940	1480	289	197	2274	1437	2.69 
1	38345	312	165	2990	1508	286	192	2281	1443	3.33 
1	38398	312	164	2945	1482	285	198	2273	1435	2.62 
1	38452	312	164	2980	1503	282	197	2282	1443	2.13 
1	38506	311	164	2974	1496	286	194	2272	1436	2.84 
1	38559	311	164	2954	1484	287	194	2279	1445	3.33 
1	38614	314	163	2990	1503	287	192	2277	1439	2.84 
1	38667	311	164	2951	1487	282	196	2277	1439	2.62 
1	38721	311	165	2976	1497	285	193	2277	1439	2.48 
1	38774	310	164	2972	1499	286	194	2277	1438	2.84 
1	38829	312	165	2978	1499	279	202	2277	1439	3.40 
1	38882	312	165	2970	1491	286	194	2274	1439	2.84 
1	38936	310	164	2973	1494	283	198	2277	1444	2.13 
1	38989	313	164	2970	1489	282	198	2274	1437	2.91 
1	39044	310	165	2970	1489	286	195	2278	1443	3.26 
1	39097	311	165	2975	1495	283	196	2276	1438	2.55 
1	39151	310	165	2968	1487	279	202	2276	1439	2.76 
1	39204	310	165	2968	1494	279	201	2277	1443	2.48 
1	39258	311	164	2974	1498	283	197	2278	1443	2.91 
1	39312	312	164	2966	1493	282	198	2277	1439	3.40 
1	39365	310	165	2974	1493	287	193	2278	1444	2.69 
1	39419	312	165	2969	1497	282	198	2277	1439	2.13 
1	39473	313	164	2976	1501	283	198	2278	1442	2.84 
1	39527	312	165	2973	1493	279	201	2277	1439	3.19 
1	39580	310	164	2976	1496	279	202	2278	1444	2.84 
1	39634	310	164	2974	1493	279	201	2276	1438	2.84 
1	39688	312	165	2974	1496	286	195	2278	1444	2.27 
1	39742	312	165	2972	1492	286	193	2278	1439	2.76 
1	39795	312	165	2967	1489	275	206	2276	1439	3.33 
1	39849	312	165	2968	1495	278	201	2275	1440	2.62 
1	39903	312	164	2970	1492	282	198	2275	1438	1.98 
1	39957	312	164	2973	1491	282	198	2277	1438	2.76 
1	40010	312	164	2971	1491	285	195	2275	1438	2.76 
1	40064	311	164	2968	1494	288	193	2275	1438	2.76 
1	40118	312	165	2969	1490	282	199	2276	1438	2.76 
1	40171	312	165	2971	1494	286	194	2274	1437	2.41 
1	40225	310	164	2962	1494	286	195	2275	1436	2.84 
1	40279	310	164	2969	1487	278	199	2273	1436	3.33 
1	40333	310	164	2954	1473	281	196	2266	1434	2.62 
1	40386	310	166	2967	1491	282	198	2276	1444	1.98 
1	40440	310	164	2949	1485	286	191	2262	1425	2.76 
1	40494	309	164	2954	1484	281	198	2265	1431	2.76 
1	40548	309	164	2953	1485	284	194	2268	1433	2.91 
1	40601	311	163	2954	1483	284	195	2263	1431	2.48 
1	40655	311	164	2951	1486	278	201	2268	1434	2.41 
1	40709	308	165	2957	1487	282	196	2263	1433	3.05 
1	40763	310	164	2955	1487	285	193	2262	1434	3.40 
1	40816	311	163	2952	1486	284	194	2263	1431	2.55 
1	40869	311	164	2953	1486	278	201	2267	1432	1.98 
1	40924	311	164	2956	1491	281	196	2262	1433	2.76 
1	40977	310	164	2953	1485	278	201	2269	1432	2.76 
1	41031	310	164	2951	1482	278	200	2267	1432	2.76 
1	41084	310	164	2961	1490	285	193	2271	1436	2.69 
1	41139	309	164	2955	1484	285	193	2267	1431	2.27 
1	41192	309	163	2956	1487	285	193	2269	1436	2.76 
1	41246	311	163	2953	1484	277	201	2266	1432	3.76 
1	41299	311	163	2949	1484	282	195	2266	1433	2.62 
1	41354	308	164	2948	1489	285	194	2264	1432	2.20 
1	41407	311	163	2956	1485	282	195	2272	1427	2.76 
1	41461	311	164	2953	1488	282	197	2265	1432	2.84 
1	41515	309	164	2950	1484	277	201	2268	1434	2.98 
1	41569	311	164	2957	1487	281	197	2270	1435	2.76 
1	41622	309	163	2952	1486	284	195	2265	1431	2.20 
1	41675	310	163	2950	1483	282	196	2267	1432	2.84 
1	41730	309	163	2970	1488	288	192	2276	1439	3.54 
1	41783	310	163	2955	1484	284	194	2262	1433	2.48 
1	41837	308	163	2949	1483	283	195	2263	1433	2.20 
1	41890	309	163	2947	1485	285	193	2264	1432	2.84 
1	41945	309	164	2956	1488	289	190	2274	1437	2.69 
1	41998	307	163	2958	1486	272	204	2257	1423	3.19 
1	42052	309	161	2942	1480	276	200	2255	1425	2.69 
1	42105	309	164	2937	1483	285	191	2256	1426	2.20 
1	42160	309	162	2941	1481	280	196	2253	1425	2.76 
1	42213	309	164	2945	1481	284	193	2261	1425	3.33 
1	42267	307	165	2940	1483	283	193	2254	1427	2.48 
1	42320	310	163	2944	1479	283	194	2260	1425	2.13 
1	42375	309	163	2945	1479	278	198	2256	1426	2.84 
1	42428	307	163	2950	1483	282	194	2262	1426	2.76 
1	42481	308	165	2947	1481	279	197	2256	1427	3.19 
1	42535	310	163	2945	1479	285	192	2262	1426	2.69 
1	42589	309	161	2949	1482	274	203	2262	1426	1.98 
1	42643	307	163	2947	1479	281	195	2257	1426	2.91 
1	42696	308	162	2945	1487	281	193	2259	1425	3.47 
1	42750	310	163	2947	1484	277	201	2262	1432	2.69 
1	42804	310	162	2948	1481	280	195	2256	1426	2.41 
1	42858	308	165	2953	1485	283	193	2261	1427	2.76 
1	42911	311	164	2962	1491	279	199	2262	1434	2.69 
1	42966	310	163	2949	1481	283	193	2261	1424	3.12 
1	43019	308	162	2945	1481	283	193	2256	1427	2.69 
1	43073	309	163	2970	1491	275	205	2264	1432	2.13 
1	43126	309	163	2947	1483	282	193	2269	1434	2.91 
1	43181	308	164	2949	1485	285	194	2262	1426	3.12 
1	43234	315	165	2949	1487	288	208	2294	1450	2.69 
1	43287	311	164	2982	1508	278	186	2235	1409	2.76 
1	43341	303	161	2852	1436	281	192	2267	1433	2.62 
1	43395	312	164	3034	1528	285	193	2256	1425	2.91 
1	43449	309	165	2896	1460	286	187	2256	1426	3.33 
1	43502	307	162	2936	1482	274	203	2262	1425	2.62 
1	43556	311	164	2945	1480	285	194	2262	1430	2.06 
1	43610	306	163	2929	1472	284	194	2257	1427	2.91 
1	43664	311	165	2969	1492	278	195	2254	1425	3.33 
1	43717	307	160	2940	1483	281	197	2266	1434	2.84 
1	43771	313	166	2977	1496	284	199	2270	1434	2.69 
1	43825	306	161	2942	1481	275	193	2250	1422	2.62 
1	43879	314	166	2889	1458	292	194	2278	1444	2.84 
1	43932	307	161	3031	1519	282	192	2247	1423	3.26 
1	43986	309	160	2914	1473	283	192	2267	1432	2.55 
1	44040	317	167	3046	1532	288	193	2279	1445	1.84 
1	44093	306	161	2871	1445	277	197	2246	1422	2.98 
1	44147	310	164	2953	1482	282	198	2273	1438	3.19 
1	44200	312	165	2979	1496	279	201	2262	1428	2.76 
1	44255	307	162	2895	1461	281	193	2256	1426	2.76 
1	44308	312	164	2972	1493	287	196	2278	1442	2.55 
1	44362	311	164	2948	1483	284	191	2257	1426	2.76 
1	44416	309	163	2936	1472	282	199	2262	1434	3.33 
1	44470	310	167	2967	1487	285	192	2276	1439	2.76 
1	44523	309	162	2952	1483	282	196	2262	1431	2.06 
1	44577	313	164	2938	1475	283	198	2263	1431	2.69 
1	44631	307	163	2973	1494	283	192	2276	1439	3.19 
1	44685	310	163	2939	1479	283	195	2261	1425	2.69 
1	44738	311	163	2964	1489	274	204	2262	1432	2.62 
1	44792	309	163	2938	1472	286	191	2263	1433	2.34 
1	44846	310	162	2946	1480	282	195	2263	1433	2.76 
1	44899	310	163	2944	1482	280	197	2262	1426	3.19 
1	44953	309	163	2942	1478	283	195	2263	1433	2.76 
1	45006	311	164	2947	1480	285	194	2262	1430	1.98 
1	45061	308	162	2944	1482	277	201	2267	1430	2.91 
1	45114	310	163	2942	1481	282	197	2261	1427	3.12 
1	45168	307	163	2942	1478	287	190	2264	1432	2.76 
1	45221	311	163	2938	1472	282	196	2265	1432	2.76 
1	45276	309	163	2947	1482	286	192	2268	1431	2.48 
1	45329	308	163	2940	1482	287	190	2262	1430	2.62 
1	45383	311	163	2946	1481	286	195	2271	1435	3.40 
1	45436	310	163	2939	1481	278	200	2264	1432	2.62 
1	45491	310	163	2944	1479	282	196	2262	1430	2.13 
1	45544	311	162	2952	1485	281	197	2269	1432	2.69 
1	45598	310	163	2940	1480	279	198	2262	1430	2.91 
1	45651	309	163	2943	1478	286	192	2260	1437	2.98 
1	45705	311	161	2943	1478	285	194	2262	1434	2.84 
1	45759	308	163	2936	1484	278	200	2262	1431	2.48 
1	45812	310	161	2939	1481	281	197	2262	1431	2.69 
1	45867	310	162	2939	1479	277	200	2262	1433	3.26 
1	45920	310	163	2941	1479	274	204	2262	1432	2.55 
1	45974	310	163	2944	1481	283	195	2263	1433	1.98 
1	46027	310	163	2951	1487	283	197	2262	1431	2.76 
1	46082	307	163	2945	1480	285	193	2264	1432	2.69 
1	46135	312	164	2950	1482	288	190	2262	1426	2.69 
1	46189	310	164	2942	1481	282	197	2262	1431	2.69 
1	46242	311	163	2942	1478	277	199	2262	1425	2.27 
1	46297	310	163	2943	1481	278	200	2260	1425	2.76 
1	46350	310	164	2949	1485	282	197	2264	1431	3.33 
1	46404	310	163	2945	1482	285	193	2262	1431	2.48 
1	46457	311	164	2957	1492	284	197	2278	1443	2.13 
1	46511	311	165	2949	1485	286	192	2263	1433	2.76 
1	46565	310	162	2937	1485	286	191	2262	1425	2.76 
1	46618	310	164	2959	1492	285	194	2269	1435	2.98 
1	46672	309	164	2943	1480	283	193	2262	1432	2.41 
1	46726	309	164	2958	1486	279	201	2273	1437	2.20 
1	46780	307	164	2941	1481	278	201	2262	1434	2.84 
1	46833	312	164	2962	1491	279	201	2276	1439	3.33 
1	46887	310	164	2949	1484	274	204	2265	1432	2.62 
1	46941	310	163	2938	1482	287	191	2262	1432	2.06 
1	46995	310	164	2943	1480	286	193	2264	1432	2.84 
1	47048	309	164	2950	1482	284	195	2266	1431	2.84 
1	47102	310	163	2938	1482	273	204	2257	1427	2.91 
1	47156	311	164	2952	1483	285	192	2264	1432	2.69 
1	47210	308	163	2951	1485	282	198	2277	1438	2.41 
1	47263	308	163	2946	1480	288	190	2266	1432	2.91 
1	47316	309	164	2956	1485	281	197	2262	1432	3.54 
1	47371	308	164	2942	1482	286	195	2278	1442	2.76 
1	47424	308	163	2942	1483	285	193	2264	1430	2.20 
1	47478	309	163	2952	1483	282	198	2275	1438	2.76 
1	47532	311	164	2955	1496	283	198	2262	1432	2.76 
1	47586	308	164	2947	1487	286	192	2275	1437	3.12 
1	47639	310	164	2960	1495	288	191	2266	1431	2.48 
1	47693	309	163	2939	1478	287	194	2262	1432	2.20 
1	47747	311	164	2958	1492	284	194	2265	1429	2.91 
1	47801	311	164	2960	1492	282	198	2269	1435	3.62 
1	47854	311	163	2949	1481	288	191	2274	1437	2.62 
1	47908	309	164	2955	1487	283	198	2273	1438	2.34 
1	47962	312	164	2961	1492	282	199	2275	1439	2.69 
1	48016	307	163	2944	1484	287	193	2261	1417	2.84 
1	48069	310	165	2973	1495	277	199	2266	1441	3.05 
1	48122	314	165	2975	1497	287	200	2300	1452	2.62 
1	48177	311	168	2976	1495	288	199	2284	1444	1.98 
1	48230	312	166	2989	1502	282	201	2295	1450	2.84 
1	48284	314	165	2976	1496	285	201	2294	1454	3.62 
1	48337	314	164	2983	1506	282	200	2289	1446	2.84 
1	48392	313	164	2978	1498	285	199	2295	1450	2.69 
1	48445	314	164	2970	1493	281	205	2299	1453	2.62 
1	48499	312	167	2978	1499	288	199	2293	1450	2.91 
1	48552	312	165	2975	1499	281	206	2300	1454	2.91 
1	48607	313	166	2974	1494	278	208	2295	1449	2.69 
1	48660	311	165	2978	1499	288	200	2298	1454	2.06 
1	48714	312	166	2976	1494	288	198	2290	1447	2.84 
1	48768	312	164	2968	1491	288	198	2295	1454	3.40 
1	48822	315	165	2981	1503	286	200	2297	1455	2.55 
1	48875	312	165	2976	1497	284	199	2287	1440	2.69 
1	48929	312	165	2979	1496	285	202	2289	1445	2.55 
1	48983	312	165	2976	1495	283	198	2287	1441	2.84 
1	49036	315	165	2980	1504	287	194	2290	1448	3.19 
1	49090	314	165	2975	1485	278	208	2289	1443	2.48 
1	49143	315	166	2992	1505	285	202	2299	1453	2.06 
1	49198	314	166	2985	1504	281	201	2295	1456	2.98 
1	49251	315	166	2985	1504	287	200	2296	1454	3.47 
1	49305	315	166	2987	1502	287	200	2296	1455	2.98 
1	49358	316	167	2994	1505	290	198	2303	1456	2.76 
1	49413	314	166	2993	1505	289	197	2292	1448	2.62 
1	49466	314	166	2988	1504	286	202	2298	1454	2.76 
1	49520	313	165	2992	1508	285	201	2291	1448	3.12 
1	49573	314	166	2988	1506	287	200	2290	1446	2.55 
1	49628	314	166	3000	1506	289	197	2293	1450	2.27 
1	49681	313	166	2992	1507	290	198	2291	1447	2.91 
1	49735	315	166	2993	1504	287	199	2291	1448	3.33 
1	49788	313	166	2991	1507	283	206	2301	1454	2.69 
1	49842	314	166	2983	1504	288	199	2294	1449	2.69 
1	49896	315	166	2984	1507	287	196	2289	1444	2.48 
1	49949	315	166	2989	1500	285	202	2301	1454	2.69 
1	50003	313	166	2981	1497	285	201	2292	1460	3.40 
1	50057	315	166	2993	1508	290	197	2311	1460	2.84 
1	50111	312	165	3001	1507	284	202	2302	1453	1.91 
1	50164	315	166	2999	1502	282	205	2307	1458	2.98 
1	50219	315	165	2980	1498	285	201	2293	1447	3.19 
1	50272	316	165	3000	1505	286	202	2304	1456	2.76 
1	50326	316	166	2995	1509	287	201	2305	1456	2.69 
1	50379	313	166	2993	1509	288	199	2303	1455	2.55 
1	50434	316	166	2988	1503	285	202	2302	1454	2.91 
1	50487	316	167	2977	1499	285	201	2304	1456	3.19 
1	50541	314	166	2979	1504	285	202	2293	1449	2.76 
1	50594	312	166	2993	1504	290	197	2293	1449	2.13 
1	50648	315	164	3001	1502	286	200	2308	1460	2.91 
1	50702	314	165	2975	1497	288	199	2288	1455	3.12 
1	50755	317	167	3005	1514	283	204	2302	1455	2.76 
1	50809	312	165	2981	1500	285	203	2305	1458	2.91 
1	50863	313	166	2995	1507	288	200	2293	1448	2.41 
1	50917	315	166	2990	1505	278	209	2295	1450	2.91 
1	50970	314	166	2986	1500	286	201	2303	1456	3.40 
1	51024	314	165	2983	1503	289	199	2307	1458	2.55 
1	51078	314	166	2998	1505	286	204	2305	1454	2.13 
1	51132	314	166	3002	1507	283	204	2308	1459	2.98 
1	51185	316	166	2998	1506	289	197	2305	1457	2.76 
1	51239	317	166	2993	1503	289	199	2302	1455	2.84 
1	51293	314	166	2999	1506	290	197	2307	1459	2.84 
1	51347	316	166	3002	1507	283	205	2305	1458	2.62 
1	51400	315	166	2999	1504	290	197	2305	1458	2.84 
1	51454	316	167	3004	1508	279	210	2307	1459	3.40 
1	51508	315	168	2999	1507	283	204	2308	1458	2.62 
1	51561	316	167	3001	1509	290	197	2306	1457	2.06 
1	51615	317	166	3005	1510	290	198	2308	1460	2.84 
1	51668	317	166	3002	1508	286	201	2309	1458	2.84 
1	51723	317	166	2999	1506	290	198	2314	1457	2.84 
1	51776	317	166	2992	1511	290	197	2307	1457	2.69 
1	51830	316	166	3004	1514	286	201	2305	1459	2.13 
1	51884	317	166	3001	1506	286	203	2308	1458	2.84 
1	51938	315	166	3002	1513	290	198	2308	1460	3.40 
1	51991	317	166	2996	1508	287	202	2307	1459	2.27 
1	52045	314	167	2999	1506	286	202	2311	1457	1.98 
1	52099	317	166	3001	1506	286	201	2306	1456	2.98 
1	52153	315	166	3003	1508	282	204	2308	1460	2.84 
1	52206	314	166	2998	1505	284	204	2307	1457	2.98 
1	52260	316	165	3001	1506	285	203	2309	1460	2.69 
1	52314	316	166	2992	1509	290	198	2310	1460	2.20 
1	52367	315	166	3003	1513	289	197	2306	1458	2.84 
1	52421	316	166	3000	1503	286	202	2307	1456	3.40 
1	52474	317	166	3000	1509	290	196	2309	1459	2.62 
1	52529	315	166	2998	1503	289	197	2306	1456	2.27 
1	52582	316	167	3003	1512	287	201	2311	1461	2.76 
1	52636	315	167	2996	1507	289	197	2302	1461	2.76 
1	52689	316	166	3002	1510	276	212	2311	1461	2.98 
1	52744	313	166	3001	1506	287	200	2307	1458	2.62 
1	52797	315	166	2998	1504	286	201	2309	1457	2.06 
1	52851	316	166	3002	1510	291	196	2307	1457	2.98 
1	52904	314	168	2998	1503	290	198	2308	1449	3.62 
1	52959	316	166	2999	1507	288	198	2302	1454	2.62 
1	53012	313	166	2993	1508	289	198	2299	1453	2.27 
1	53066	315	167	2984	1502	289	198	2303	1455	2.62 
1	53120	315	166	2994	1504	286	199	2301	1454	2.84 
1	53173	313	168	2985	1501	285	202	2297	1455	3.05 
1	53227	315	166	2985	1504	282	206	2299	1453	2.55 
1	53280	314	167	2994	1505	286	201	2308	1458	2.27 
1	53335	313	166	2988	1506	285	202	2288	1454	2.76 
1	53388	316	167	2987	1500	278	208	2296	1450	3.47 
1	53442	311	165	2987	1500	286	201	2303	1456	2.69 
1	53495	317	164	3001	1506	287	200	2304	1456	2.41 
1	53550	316	166	3002	1513	290	197	2308	1458	2.91 
1	53603	316	166	2997	1506	286	200	2308	1457	2.91 
1	53657	314	169	3000	1511	290	198	2307	1458	2.98 
1	53710	314	166	2998	1503	282	205	2309	1461	2.76 
1	53765	314	166	2998	1512	287	202	2306	1456	2.34 
1	53818	315	166	3002	1507	275	211	2305	1456	2.98 
1	53872	316	166	3002	1508	290	198	2309	1459	3.47 
1	53925	317	167	3000	1506	289	197	2306	1456	2.62 
1	53979	316	166	3005	1513	284	204	2309	1460	2.76 
1	54033	314	167	2999	1506	282	204	2308	1457	2.91 
1	54086	314	167	3005	1514	290	197	2307	1456	2.91 
1	54140	315	166	2987	1501	281	203	2296	1454	3.26 
1	54194	316	166	2986	1503	291	197	2299	1453	2.76 
1	54248	313	165	2992	1507	288	196	2299	1453	1.98 
1	54301	315	166	3002	1514	287	200	2310	1460	2.98 
1	54355	317	167	3001	1508	283	205	2314	1458	3.47 
1	54409	317	167	3006	1514	291	197	2315	1460	2.69 
1	54463	315	167	3004	1508	290	197	2310	1460	2.76 
1	54516	315	166	3004	1517	287	201	2316	1464	2.48 
1	54571	317	167	3010	1512	288	200	2311	1460	2.84 
1	54624	316	166	2999	1515	291	197	2315	1462	3.05 
1	54678	318	167	3007	1512	290	198	2311	1462	2.91 
1	54731	318	167	3003	1506	286	202	2315	1461	2.13 
1	54785	316	166	3011	1516	291	198	2316	1464	2.91 
1	54839	316	166	2993	1505	289	197	2308	1459	3.33 
1	54892	317	167	3013	1518	284	206	2316	1464	2.76 
1	54946	314	166	3000	1509	286	201	2307	1459	2.91 
1	55000	318	167	3000	1501	290	197	2304	1455	2.62 
1	55054	316	167	2993	1508	289	197	2310	1459	2.76 
1	55107	313	168	3000	1506	289	197	2301	1453	3.26 
1	55161	316	167	3015	1516	276	211	2316	1464	2.69 
1	55215	317	166	3014	1515	287	201	2310	1460	2.27 
1	55269	316	168	3011	1514	290	198	2316	1464	2.91 
1	55322	315	167	3010	1517	291	197	2316	1462	3.40 
1	55376	319	167	3013	1517	288	202	2321	1466	2.55 
1	55430	315	167	3008	1516	287	201	2320	1464	2.69 
1	55484	318	166	3007	1515	292	196	2316	1464	2.62 
1	55537	314	168	3015	1517	286	200	2307	1457	2.76 
1	55591	316	166	3001	1504	286	201	2310	1459	3.40 
1	55645	316	167	3004	1511	290	199	2316	1455	2.55 
1	55698	314	166	2991	1503	286	202	2305	1458	2.13 
1	55752	318	167	3012	1514	288	202	2318	1465	2.91 
1	55805	318	166	3010	1510	291	198	2318	1462	3.19 
1	55860	315	167	3013	1517	291	197	2318	1464	2.76 
1	55913	318	167	3001	1507	287	201	2311	1460	2.84 
1	55967	313	168	3001	1505	282	204	2309	1456	2.34 
1	56020	314	169	2999	1505	279	209	2305	1456	2.69 
1	56075	317	166	3006	1514	286	200	2316	1462	3.19 
1	56128	317	167	3013	1516	283	205	2320	1465	2.76 
1	56182	317	167	3003	1515	290	197	2311	1461	2.06 
1	56236	318	165	3002	1515	286	202	2318	1462	2.98 
1	56290	317	166	2993	1506	291	198	2316	1462	3.12 
1	56343	313	168	2995	1504	285	201	2307	1457	2.84 
1	56397	318	167	3002	1512	290	199	2308	1460	2.76 
1	56451	314	166	3008	1514	286	202	2304	1456	2.62 
1	56504	316	167	3017	1516	286	201	2316	1464	2.84 
1	56558	319	167	3019	1515	288	201	2319	1464	3.54 
1	56611	317	167	3000	1510	290	197	2316	1455	2.55 
1	56666	314	166	3006	1512	290	197	2306	1456	1.91 
1	56719	317	166	3011	1516	286	200	2315	1456	2.84 
1	56773	316	166	2990	1504	290	198	2308	1455	2.91 
1	56826	316	166	2999	1509	286	201	2309	1458	2.91 
1	56881	316	166	3001	1507	282	204	2308	1459	2.76 
1	56934	314	166	3004	1512	286	201	2312	1460	2.48 
1	56988	315	168	3006	1516	283	205	2309	1460	2.62 
1	57041	312	166	2987	1502	288	198	2308	1458	3.33 
1	57096	316	167	3020	1517	291	199	2315	1462	2.62 
1	57149	315	166	2998	1502	288	198	2312	1459	1.91 
1	57203	317	167	2999	1508	280	208	2316	1461	2.98 
1	57256	316	166	3000	1509	289	198	2311	1460	2.76 
1	57311	314	166	2988	1502	285	200	2294	1449	2.91 
1	57364	314	165	2987	1502	290	197	2302	1455	2.76 
1	57417	314	164	3003	1514	284	203	2292	1449	2.27 
1	57472	317	167	2963	1490	288	199	2298	1454	2.76 
1	57525	316	166	3019	1515	289	197	2309	1457	3.40 
1	57579	314	167	3001	1505	290	197	2305	1456	2.62 
1	57632	314	166	2978	1496	288	195	2294	1438	1.98 
1	57687	316	166	2995	1506	284	205	2305	1458	3.19 
1	57740	315	166	2983	1501	285	199	2304	1455	2.62 
1	57794	316	166	3006	1514	281	208	2316	1464	2.76 
1	57847	313	166	2980	1501	281	206	2305	1457	2.62 
1	57902	315	166	2987	1505	289	197	2304	1456	2.13 
1	57955	315	166	2982	1505	284	202	2297	1453	2.91 
1	58009	313	166	2990	1502	285	201	2300	1455	3.40 
1	58062	314	166	2995	1505	287	201	2314	1459	2.62 
1	58117	314	166	3000	1502	289	198	2298	1454	2.20 
1	58170	315	166	2978	1500	285	201	2302	1455	3.05 
1	58223	315	166	2986	1501	282	204	2298	1454	2.91 
1	58277	313	166	2979	1498	288	196	2300	1453	3.12 
1	58331	317	167	3014	1516	286	200	2315	1461	2.69 
1	58385	316	167	2987	1499	285	201	2303	1453	2.06 
1	58438	314	166	2987	1501	286	201	2306	1458	2.91 
1	58492	317	164	3001	1504	289	198	2306	1456	3.62 
1	58546	315	168	3005	1513	290	198	2315	1461	2.62 
1	58600	314	166	2995	1506	289	198	2311	1459	2.20 
1	58653	318	166	3015	1515	290	197	2309	1459	2.91 
1	58707	317	166	3000	1504	289	199	2311	1462	2.69 
1	58761	317	167	3010	1513	287	201	2316	1464	3.19 
1	58815	315	166	3008	1516	290	197	2316	1462	2.84 
1	58868	316	166	3008	1512	286	200	2309	1459	2.13 
1	58923	313	166	2990	1507	290	198	2316	1464	2.84 
1	58976	316	166	2997	1514	286	202	2308	1458	3.62 
1	59029	315	165	3002	1510	290	199	2316	1464	2.62 
1	59083	310	164	2975	1495	290	197	2308	1457	2.34 
1	59137	305	162	2946	1480	288	200	2316	1464	2.91 
1	59191	296	153	2911	1461	285	201	2306	1455	2.84 
1	59244	284	151	2906	1461	285	204	2316	1464	4.47 
1	59298	307	162	2890	1461	288	198	2290	1447	5.60 
1	59352	336	179	2759	1389	287	192	2250	1421	6.52 
1	59406	356	188	2605	1311	273	188	2219	1400	7.30 
1	59459	362	190	2454	1237	259	187	2159	1369	8.08 
1	59513	361	191	2222	1119	259	173	2119	1343	8.79 
1	59567	358	191	2125	1074	251	171	2083	1314	9.36 
1	59621	349	186	2042	1035	218	161	2046	1291	10.14 
1	59674	347	182	1974	994	207	148	2007	1268	10.99 
1	59728	349	185	1909	963	193	137	1970	1245	11.48 
1	59782	360	191	1854	937	181	125	1940	1225	12.12 
1	59836	368	196	1801	912	167	121	1909	1199	12.62 
1	59889	369	195	1759	886	158	114	1837	1160	13.11 
1	59942	369	194	1717	867	157	105	1798	1133	13.61 
1	59997	368	196	1678	847	150	102	1770	1119	14.11 
1	60050	368	193	1644	829	146	97	1741	1091	14.60 
1	60104	369	194	1610	813	138	97	1708	1084	14.96 
1	60157	369	194	1554	782	135	93	1692	1067	15.52 
1	60212	370	194	1528	769	131	90	1665	1051	15.60 
1	60265	369	195	1497	759	128	88	1643	1036	15.67 
1	60318	369	194	1474	751	121	89	1624	1024	16.16 
1	60372	371	197	1457	739	121	84	1601	1010	16.45 
1	60426	373	195	1444	728	115	85	1584	997	16.66 
1	60480	375	197	1426	725	116	80	1568	985	17.16 
1	60533	375	197	1411	713	114	79	1548	976	16.87 
1	60587	376	200	1395	707	112	78	1534	964	17.01 
1	60641	376	202	1382	698	111	78	1515	955	17.23 
1	60694	376	202	1373	689	106	82	1500	947	17.37 
1	60747	376	199	1362	684	105	78	1486	933	17.51 
1	60802	375	197	1337	677	106	76	1475	931	17.72 
1	60855	373	196	1329	674	107	73	1465	925	18.01 
1	60909	373	197	1325	667	103	75	1456	911	18.01 
1	60962	372	195	1316	662	104	72	1448	914	18.01 
1	61016	370	197	1306	660	100	75	1441	909	18.08 
1	61070	370	194	1299	656	105	69	1434	906	17.86 
1	61123	368	194	1292	643	104	68	1429	902	17.93 
1	61176	368	195	1287	649	98	72	1426	897	18.22 
1	61231	367	195	1279	649	102	67	1418	895	18.29 
1	61284	366	193	1273	649	102	66	1414	875	18.50 
1	61337	366	193	1269	641	104	63	1409	883	18.64 
1	61391	365	194	1266	636	97	69	1405	886	18.57 
1	61445	364	194	1254	636	98	67	1399	880	18.71 
1	61498	364	192	1247	623	94	70	1393	880	18.86 
1	61552	364	190	1241	635	97	67	1391	878	18.71 
1	61605	363	192	1242	627	93	70	1387	867	18.71 
1	61659	362	191	1241	623	93	69	1384	873	18.79 
1	61713	362	190	1236	624	96	66	1381	870	18.71 
1	61766	362	190	1228	626	95	67	1378	868	18.71 
1	61819	361	190	1230	620	92	70	1375	868	18.57 
1	61874	361	192	1226	619	94	68	1376	853	18.71 
1	61927	362	191	1225	619	94	68	1373	864	18.64 
1	61980	361	190	1227	631	97	65	1368	863	18.57 
1	62034	362	190	1231	628	94	68	1365	861	18.64 
1	62088	362	192	1232	619	92	70	1363	860	18.50 
1	62141	362	192	1227	610	90	68	1361	861	18.71 
1	62195	362	190	1226	617	90	68	1359	858	18.86 
1	62248	363	193	1228	625	90	68	1357	850	18.79 
1	62302	363	190	1274	646	96	66	1359	859	18.71 
1	62356	349	186	1304	656	91	71	1374	862	18.86 
1	62409	324	174	1324	668	92	72	1422	896	18.86 
1	62462	331	176	1324	676	98	67	1406	887	18.79 
1	62517	335	175	1338	680	95	67	1387	875	19.14 
1	62570	326	172	1359	684	96	67	1400	883	18.86 
1	62623	329	175	1359	685	99	64	1395	878	19.14 
1	62678	329	174	1356	689	96	66	1390	877	19.00 
1	62731	330	173	1367	690	93	68	1393	870	19.07 
1	62784	327	173	1365	690	96	66	1391	878	18.86 
1	62838	330	174	1370	694	96	66	1388	875	19.00 
1	62892	327	173	1372	693	98	64	1390	878	19.14 
1	62945	329	174	1370	690	92	70	1388	879	18.93 
1	62998	330	173	1375	693	98	64	1386	873	18.93 
1	63052	328	175	1377	688	95	67	1386	873	19.07 
1	63106	331	173	1369	683	95	67	1384	876	18.86 
1	63159	326	173	1380	694	95	67	1386	875	19.28 
1	63213	328	174	1371	700	95	67	1381	871	19.00 
1	63266	328	174	1377	697	97	65	1384	872	19.00 
1	63320	328	172	1377	698	97	65	1382	863	18.93 
1	63374	329	173	1377	699	95	67	1380	863	19.00 
1	63427	327	174	1378	694	95	65	1380	873	18.93 
1	63480	328	171	1376	695	95	67	1379	870	18.71 
1	63535	327	172	1378	695	94	68	1378	860	18.86 
1	63588	326	174	1379	696	94	68	1379	871	18.86 
1	63641	328	172	1381	694	96	66	1378	869	18.86 
1	63695	328	172	1377	695	97	65	1376	868	18.93 
1	63749	325	171	1381	697	94	68	1378	869	19.00 
1	63802	326	171	1376	693	96	66	1374	866	19.07 
1	63856	325	171	1379	696	94	68	1367	877	19.00 
1	63909	327	172	1375	696	94	68	1374	857	19.49 
1	63963	325	174	1374	700	91	71	1369	871	19.00 
1	64017	327	171	1373	696	90	72	1369	871	19.07 
1	64070	324	171	1371	704	94	68	1374	863	19.21 
1	64123	327	172	1380	693	94	68	1374	854	19.14 
1	64178	326	171	1372	694	91	71	1374	864	19.00 
1	64231	324	172	1379	693	94	68	1373	861	19.14 
1	64284	326	170	1372	695	90	72	1372	862	19.07 
1	64338	324	171	1378	695	96	66	1365	868	19.00 
1	64392	324	172	1374	691	91	71	1369	864	19.21 
1	64445	324	170	1378	693	93	72	1372	856	19.07 
1	64499	324	170	1371	692	90	72	1367	862	19.00 
1	64552	324	171	1373	693	93	69	1367	867	19.21 
1	64606	326	169	1370	696	94	67	1366	862	19.00 
1	64659	326	168	1374	692	94	64	1367	862	19.00 
1	64713	325	168	1371	688	94	64	1366	862	17.51 
1	64766	326	172	1374	693	96	66	1376	867	15.74 
1	64820	349	184	1445	738	98	72	1400	876	14.67 
1	64874	368	193	1474	746	112	79	1440	908	13.40 
1	64927	393	206	1518	766	125	92	1471	930	12.69 
1	64980	415	222	1590	802	149	102	1534	964	11.70 
1	65035	435	230	1627	824	171	125	1584	999	10.70 
1	65088	449	236	1682	848	197	141	1626	1013	9.85 
1	65142	444	231	1734	874	212	157	1671	1056	9.57 
1	65196	444	231	1779	901	225	159	1717	1081	8.44 
1	65250	461	241	1809	909	233	172	1757	1106	7.51 
1	65303	444	230	1876	947	251	176	1797	1132	7.37 
1	65356	421	220	1944	986	260	183	1835	1156	6.52 
1	65411	388	203	2008	1014	268	191	1877	1181	5.95 
1	65464	363	191	2179	1095	272	191	1929	1210	5.53 
1	65518	351	185	2296	1156	255	182	1941	1222	4.96 
1	65571	338	184	2461	1235	259	187	2032	1285	4.54 
1	65626	327	172	2566	1288	264	183	2058	1302	4.47 
1	65679	319	174	2664	1341	264	186	2105	1329	3.90 
1	65733	314	166	2765	1389	266	186	2136	1346	3.47 
1	65786	308	162	2830	1425	270	183	2163	1367	3.54 
1	65841	304	160	2887	1453	268	192	2190	1382	3.19 
1	65894	299	158	2948	1482	265	194	2208	1394	3.19 
1	65947	300	159	3016	1514	275	187	2227	1408	3.54 
1	66001	303	161	3061	1535	276	188	2242	1415	2.84 
1	66055	301	161	3085	1557	279	192	2254	1424	2.76 
1	66109	301	158	3118	1574	280	193	2266	1431	2.48 
1	66162	299	157	3125	1574	281	193	2271	1433	2.84 
1	66216	297	155	3134	1578	283	193	2278	1439	3.33 
1	66270	296	155	3137	1584	284	193	2288	1441	2.76 
1	66324	296	154	3142	1583	286	192	2289	1442	2.20 
1	66377	296	152	3147	1580	274	204	2290	1445	2.98 
1	66432	296	152	3146	1586	282	198	2292	1446	3.12 
1	66485	296	153	3148	1586	282	198	2291	1448	2.62 
1	66539	294	154	3155	1585	285	195	2292	1448	2.76 
1	66592	294	155	3150	1589	287	194	2294	1448	2.55 
1	66647	296	154	3151	1584	286	195	2294	1448	2.69 
1	66700	298	155	3149	1584	276	206	2295	1450	3.54 
1	66753	299	157	3149	1584	280	201	2295	1449	2.55 
1	66807	299	158	3159	1583	283	199	2295	1448	1.91 
1	66861	301	157	3158	1583	284	198	2295	1451	3.05 
1	66915	301	158	3158	1585	287	199	2294	1450	2.76 
1	66968	299	162	3156	1585	284	199	2295	1450	2.76 
1	67022	302	162	3157	1587	285	201	2296	1453	2.69 
1	67076	302	162	3152	1589	278	209	2296	1452	2.41 
1	67130	302	162	3156	1583	288	199	2296	1453	2.76 
1	67183	301	160	3156	1585	284	202	2296	1450	3.40 
1	67237	304	160	3160	1589	282	205	2296	1452	2.41 
1	67291	302	160	3158	1585	288	199	2296	1453	2.06 
1	67345	305	157	3157	1588	291	195	2295	1452	2.84 
1	67398	305	160	3158	1591	288	198	2296	1453	2.84 
1	67452	305	161	3158	1588	281	206	2296	1453	2.76 
1	67506	304	160	3162	1587	285	202	2296	1452	2.62 
1	67559	306	158	3163	1595	285	202	2296	1454	2.34 
1	67613	304	161	3164	1594	288	199	2297	1454	2.76 
1	67666	305	161	3162	1592	288	199	2297	1455	3.54 
1	67721	306	161	3168	1590	282	205	2296	1455	2.62 
1	67774	307	161	3166	1595	289	198	2296	1453	2.06 
1	67828	305	162	3164	1592	289	198	2295	1453	2.76 
1	67881	305	164	3165	1594	288	199	2295	1449	2.76 
1	67936	305	163	3168	1591	282	207	2295	1454	3.05 
1	67989	307	162	3164	1593	282	204	2295	1449	2.62 
1	68043	308	162	3167	1595	289	199	2296	1453	2.27 
1	68097	306	164	3168	1591	289	197	2294	1449	2.84 
1	68151	308	162	3168	1600	278	208	2296	1452	3.40 
1	68204	306	163	3165	1593	282	206	2295	1449	2.69 
1	68258	308	163	3172	1599	278	209	2295	1448	2.13 
1	68312	309	162	3169	1594	288	198	2295	1449	2.62 
1	68365	306	165	3167	1595	282	204	2294	1447	2.76 
1	68419	306	165	3174	1597	290	197	2294	1451	3.05 
1	68472	309	163	3169	1600	289	196	2293	1449	2.76 
1	68527	307	163	3177	1596	290	197	2294	1449	2.20 
1	68580	309	163	3169	1592	286	200	2294	1449	2.98 
1	68634	307	166	3172	1596	286	201	2294	1450	3.47 
1	68687	307	163	3171	1595	289	199	2294	1447	2.62 
1	68742	310	163	3170	1598	289	198	2296	1452	2.48 
1	68795	310	163	3176	1601	291	195	2295	1449	2.69 
1	68849	310	163	3170	1594	286	200	2295	1450	2.84 
1	68902	310	164	3171	1594	286	201	2294	1449	3.19 
1	68957	308	163	3173	1595	290	198	2293	1449	2.98 
1	69010	308	164	3170	1599	282	205	2293	1449	2.27 
1	69064	308	163	3169	1595	283	204	2292	1449	2.91 
1	69117	310	164	3167	1595	286	202	2294	1447	3.26 
1	69171	309	163	3167	1598	286	200	2295	1446	2.48 
1	69225	309	163	3170	1596	289	199	2292	1449	2.76 
1	69278	311	164	3171	1593	285	202	2291	1447	2.69 
1	69332	311	164	3167	1600	291	196	2289	1447	2.69 
1	69386	309	164	3168	1595	290	198	2294	1439	3.40 
1	69440	311	164	3170	1598	288	202	2295	1449	2.62 
1	69493	309	164	3170	1597	280	209	2296	1452	2.13 
1	69548	309	165	3172	1601	291	198	2295	1450	2.91 
1	69601	309	164	3174	1594	284	205	2296	1453	3.40 
1	69655	310	166	3175	1596	288	202	2295	1441	2.76 
1	69708	312	163	3177	1599	288	202	2296	1453	2.76 
1	69763	310	164	3175	1599	288	201	2296	1453	2.76 
1	69816	309	165	3172	1598	274	216	2296	1453	2.84 
1	69870	312	164	3174	1596	287	203	2295	1450	3.40 
1	69923	312	164	3172	1598	288	202	2296	1453	3.19 
1	69977	310	164	3173	1601	294	196	2295	1453	2.13 
1	70031	310	164	3177	1599	291	198	2296	1453	2.91 
1	70084	312	165	3181	1598	292	198	2294	1447	2.98 
1	70138	313	164	3182	1599	291	199	2295	1453	2.76 
1	70192	310	165	3183	1600	291	199	2295	1450	2.84 
1	70246	310	165	3179	1600	288	202	2295	1448	2.41 
1	70299	313	164	3176	1602	290	200	2295	1449	2.76 
1	70353	313	164	3181	1599	281	209	2296	1451	3.33 
1	70407	313	164	3181	1597	292	198	2296	1452	2.62 
1	70461	313	163	3181	1602	293	197	2298	1450	2.06 
1	70514	311	164	3181	1599	292	198	2295	1449	2.91 
1	70568	313	164	3182	1601	288	202	2295	1448	2.84 
1	70622	313	164	3177	1600	285	204	2297	1452	2.84 
1	70676	313	162	3181	1605	292	199	2296	1449	2.76 
1	70729	310	165	3181	1602	292	199	2297	1453	2.34 
1	70784	313	165	3179	1603	282	206	2295	1453	2.91 
1	70837	313	165	3179	1600	288	202	2296	1454	3.40 
1	70890	314	164	3176	1608	292	199	2294	1449	2.76 
1	70944	311	167	3177	1603	291	199	2295	1449	2.20 
1	70998	311	165	3180	1603	292	199	2295	1448	2.91 
1	71052	311	165	3184	1602	285	205	2295	1447	2.76 
1	71105	313	165	3187	1600	285	205	2295	1449	2.98 
1	71159	313	164	3182	1602	289	202	2294	1449	2.69 
1	71213	314	164	3180	1603	288	202	2295	1446	2.20 
1	71267	313	165	3184	1607	292	199	2290	1455	2.91 
1	71320	314	165	3182	1606	287	203	2297	1447	3.54 
1	71374	313	166	3181	1603	289	202	2294	1449	2.55 
1	71428	314	165	3189	1607	285	205	2295	1450	2.34 
1	71482	314	165	3189	1602	292	198	2295	1450	2.55 
1	71535	311	168	3186	1603	292	199	2296	1450	2.84 
1	71589	313	165	3184	1602	289	201	2294	1449	2.98 
1	71643	312	167	3193	1600	289	201	2296	1454	2.84 
1	71696	312	165	3186	1605	292	199	2295	1453	2.06 
1	71750	314	163	3189	1607	292	198	2296	1452	2.91 
1	71803	312	165	3185	1599	282	209	2294	1450	3.40 
1	71858	312	166	3183	1602	288	202	2296	1451	2.62 
1	71911	312	164	3185	1603	288	200	2295	1448	2.48 
1	71965	314	165	3188	1606	290	200	2297	1447	2.69 
1	72018	312	165	3189	1602	288	202	2295	1447	2.91 
1	72073	313	165	3189	1602	282	209	2295	1449	3.33 
1	72126	314	166	3186	1604	289	202	2294	1447	2.69 
1	72180	314	165	3186	1609	291	200	2294	1449	2.13 
1	72233	312	165	3189	1610	292	199	2295	1449	2.98 
1	72288	312	168	3190	1606	282	209	2294	1448	3.62 
1	72341	315	165	3188	1601	292	199	2294	1448	2.69 
1	72395	315	165	3186	1599	288	203	2294	1439	2.76 
1	72449	314	166	3186	1600	292	199	2293	1449	2.76 
1	72502	313	165	3188	1609	289	202	2292	1448	2.84 
1	72556	314	166	3190	1607	289	202	2292	1448	3.40 
1	72609	314	166	3192	1606	292	199	2294	1449	2.69 
1	72664	315	166	3191	1607	293	198	2294	1449	1.98 
1	72717	312	166	3192	1606	292	199	2294	1449	2.91 
1	72771	312	166	3188	1609	291	200	2294	1448	3.33 
1	72824	312	168	3192	1607	288	203	2288	1453	2.91 
1	72879	315	165	3188	1602	285	206	2294	1449	2.76 
1	72932	315	166	3190	1604	286	205	2294	1449	2.55 
1	72986	313	165	3186	1605	289	202	2294	1448	2.84 
1	73039	313	168	3188	1604	286	205	2293	1445	3.54 
1	73094	313	165	3187	1605	292	199	2293	1449	2.62 
1	73147	315	165	3189	1602	289	202	2295	1448	2.06 
1	73201	313	166	3189	1606	289	202	2294	1448	2.91 
1	73254	313	166	3189	1605	289	202	2293	1448	3.12 
1	73308	315	166	3192	1608	289	202	2293	1448	2.76 
1	73362	313	166	3195	1609	289	202	2294	1448	2.69 
1	73415	315	166	3195	1609	294	197	2294	1449	2.48 
1	73469	315	166	3194	1607	292	199	2293	1450	2.91 
1	73523	315	165	3188	1606	286	206	2294	1449	3.40 
1	73577	315	166	3191	1606	292	199	2294	1447	2.76 
1	73630	315	166	3191	1608	293	198	2294	1449	2.06 
1	73684	313	166	3188	1605	293	198	2293	1449	2.84 
1	73738	314	166	3190	1607	291	200	2295	1447	2.84 
1	73792	316	166	3191	1607	292	200	2294	1449	2.76 
1	73845	314	165	3195	1604	289	202	2293	1449	2.84 
1	73900	314	166	3193	1610	292	199	2293	1447	2.34 
1	73953	315	166	3191	1605	289	203	2294	1450	2.98 
1	74007	313	166	3201	1606	285	206	2293	1447	3.62 
1	74060	314	166	3189	1608	289	203	2293	1449	2.62 
1	74114	315	166	3192	1608	292	199	2293	1449	2.06 
1	74168	314	166	3192	1607	292	199	2294	1446	2.98 
1	74221	316	166	3193	1606	289	200	2293	1449	2.76 
1	74275	314	166	3191	1611	288	203	2294	1450	2.84 
1	74329	314	166	3196	1605	285	206	2294	1448	2.76 
1	74383	316	166	3196	1608	290	202	2294	1449	2.48 
1	74436	314	168	3195	1611	292	199	2294	1448	2.76 
1	74490	316	166	3195	1610	292	199	2295	1446	3.33 
1	74544	316	166	3193	1608	292	199	2293	1448	2.76 
1	74598	316	166	3192	1608	286	205	2294	1450	2.27 
1	74651	314	166	3195	1606	289	202	2293	1448	2.76 
1	74705	314	169	3197	1609	290	202	2295	1448	2.69 
1	74759	314	166	3192	1607	292	199	2293	1447	3.19 
1	74813	317	166	3194	1607	286	206	2294	1440	2.69 
1	74866	314	166	3192	1607	289	202	2293	1448	2.13 
1	74919	315	166	3201	1607	286	205	2293	1447	2.84 
1	74974	314	169	3197	1610	292	199	2292	1449	3.40 
1	75027	318	166	3197	1615	293	199	2293	1448	2.69 
1	75081	317	166	3192	1610	289	202	2293	1447	2.41 
1	75134	315	166	3197	1611	291	200	2293	1449	2.76 
1	75189	315	166	3193	1607	290	200	2294	1446	2.76 
1	75242	315	167	3195	1606	286	205	2293	1449	3.26 
1	75296	317	167	3195	1606	291	200	2292	1448	2.69 
1	75350	317	167	3198	1610	293	198	2294	1449	2.13 
1	75404	315	167	3199	1608	289	202	2295	1447	2.98 
1	75457	317	167	3195	1606	289	203	2293	1450	3.40 
1	75511	317	167	3197	1604	286	205	2293	1448	2.69 
1	75565	315	167	3191	1611	294	197	2294	1448	2.76 
1	75619	315	167	3197	1607	289	202	2294	1450	2.55 
1	75672	315	167	3199	1608	292	199	2294	1449	2.76 
1	75725	315	167	3190	1609	285	206	2294	1448	3.40 
1	75780	317	165	3196	1607	290	200	2294	1448	2.69 
1	75833	315	169	3194	1608	292	199	2293	1448	2.20 
1	75887	317	167	3197	1609	292	199	2292	1450	2.91 
1	75940	316	166	3198	1607	292	199	2289	1453	3.26 
1	75995	316	168	3197	1612	293	198	2292	1448	2.84 
1	76048	318	167	3197	1610	291	200	2293	1446	2.76 
1	76102	316	167	3200	1612	292	199	2294	1448	2.41 
1	76155	318	167	3197	1614	289	203	2294	1447	2.84 
1	76210	315	167	3195	1610	289	202	2292	1446	3.40 
1	76263	318	167	3196	1610	289	202	2293	1448	2.41 
1	76317	318	167	3198	1612	294	197	2292	1448	2.13 
1	76370	318	167	3194	1611	289	202	2293	1446	3.05 
1	76425	316	167	3198	1609	285	206	2293	1445	3.05 
1	76478	318	167	3197	1609	292	199	2293	1448	2.84 
1	76531	318	166	3199	1613	294	197	2293	1448	2.84 
1	76585	318	167	3201	1615	292	199	2294	1448	2.20 
1	76639	318	167	3197	1610	288	203	2294	1447	2.91 
1	76693	318	167	3197	1609	289	202	2294	1448	3.47 
1	76746	316	167	3196	1609	292	199	2294	1448	2.62 
1	76801	319	166	3205	1611	292	199	2294	1448	2.20 
1	76854	318	167	3199	1611	285	206	2293	1447	3.05 
1	76908	316	167	3202	1615	292	199	2293	1448	2.91 
1	76961	316	167	3196	1610	289	202	2294	1449	2.84 
1	77016	318	168	3198	1613	285	206	2293	1448	2.84 
1	77069	318	167	3198	1609	284	207	2293	1449	2.27 
1	77123	319	167	3195	1610	292	199	2292	1448	2.91 
1	77176	318	168	3200	1609	282	209	2294	1448	3.47 
1	77231	319	167	3194	1609	288	203	2288	1450	2.62 
1	77284	316	167	3199	1607	292	200	2293	1448	2.20 
1	77337	316	168	3199	1613	286	206	2293	1448	2.98 
1	77391	319	167	3200	1616	292	199	2292	1449	2.84 
1	77445	317	167	3200	1611	282	209	2292	1447	2.91 
1	77499	318	168	3201	1615	292	199	2293	1448	2.76 
1	77552	318	168	3199	1615	292	197	2293	1447	2.27 
1	77606	319	167	3195	1611	289	202	2294	1449	2.98 
1	77660	319	167	3195	1609	294	197	2293	1446	3.62 
1	77714	317	167	3196	1609	294	197	2294	1449	2.55 
1	77767	319	167	3197	1609	289	202	2294	1448	2.06 
1	77821	319	167	3201	1614	289	202	2293	1448	2.69 
1	77875	319	168	3198	1611	292	199	2293	1448	2.76 
1	77929	319	167	3202	1613	289	203	2294	1448	3.19 
1	77982	317	167	3200	1617	289	202	2292	1448	2.76 
1	78035	318	167	3204	1611	289	202	2294	1448	2.06 
1	78090	319	168	3203	1607	289	202	2294	1446	2.91 
1	78143	317	167	3195	1608	289	202	2293	1447	3.47 
1	78197	317	170	3198	1608	292	199	2292	1449	2.69 
1	78251	319	168	3196	1608	289	202	2293	1447	2.48 
1	78305	319	169	3200	1614	293	199	2292	1448	2.69 
1	78358	319	166	3200	1616	292	199	2292	1448	2.76 
1	78412	317	170	3199	1613	290	201	2292	1448	3.12 
1	78466	319	168	3200	1612	282	209	2293	1448	2.84 
1	78520	320	167	3197	1608	289	202	2292	1446	2.20 
1	78573	319	168	3198	1607	292	199	2291	1447	2.91 
1	78627	317	168	3198	1612	289	202	2292	1448	3.47 
1	78681	317	168	3200	1611	292	199	2293	1449	2.69 
1	78735	320	168	3199	1613	289	203	2293	1449	2.76 
1	78788	319	168	3196	1608	289	203	2293	1448	2.69 
1	78841	319	168	3195	1610	288	203	2292	1448	2.84 
1	78896	318	167	3194	1610	285	206	2292	1448	3.19 
1	78949	318	168	3202	1609	292	199	2292	1448	2.84 
1	79003	320	168	3197	1610	289	200	2292	1450	2.13 
1	79056	318	168	3197	1607	285	206	2295	1445	2.91 
1	79111	317	168	3196	1609	292	198	2293	1447	3.33 
1	79164	317	169	3196	1612	285	206	2292	1447	2.76 
1	79218	317	168	3192	1612	285	206	2293	1448	2.76 
1	79271	317	169	3194	1608	292	199	2293	1447	2.62 
1	79326	319	168	3194	1607	292	199	2293	1449	2.98 
1	79379	318	168	3194	1609	288	203	2292	1447	3.33 
1	79433	318	171	3199	1608	292	199	2293	1448	2.69 
1	79486	317	168	3198	1607	292	199	2292	1447	1.98 
1	79541	318	168	3197	1606	292	200	2292	1449	2.91 
1	79594	318	170	3197	1610	292	199	2286	1452	3.26 
1	79648	320	169	3202	1610	286	205	2292	1448	2.91 
1	79702	320	168	3201	1608	293	199	2292	1449	2.76 
1	79755	320	168	3198	1611	293	199	2293	1447	2.48 
1	79809	320	168	3202	1607	286	206	2292	1448	2.91 
1	79862	320	168	3201	1609	289	202	2293	1448	3.33 
1	79917	319	170	3197	1606	289	203	2292	1447	2.69 
1	79970	318	169	3197	1606	285	206	2292	1447	2.06 
1	80024	320	168	3197	1609	293	199	2292	1447	2.84 
1	80077	320	168	3195	1609	289	202	2292	1447	2.76 
1	80132	320	168	3198	1607	287	204	2292	1448	2.98 
1	80185	318	168	3198	1607	289	202	2292	1449	2.84 
1	80239	321	168	3196	1610	292	199	2294	1448	2.41 
1	80292	318	169	3196	1610	289	202	2294	1446	2.76 
1	80347	320	171	3195	1609	285	206	2293	1445	3.54 
1	80400	319	173	3196	1608	288	204	2292	1449	2.62 
1	80454	318	168	3195	1608	289	203	2294	1447	2.13 
1	80507	320	171	3191	1611	289	202	2293	1448	2.91 
1	80561	318	169	3198	1606	292	199	2292	1448	2.76 
1	80615	319	173	3197	1609	292	199	2291	1447	2.84 
1	80668	320	168	3198	1612	289	202	2292	1448	2.76 
1	80722	321	171	3198	1612	291	200	2292	1448	2.48 
1	80776	318	172	3197	1609	289	202	2295	1446	2.84 
1	80830	318	171	3199	1611	282	209	2291	1448	3.54 
1	80883	319	170	3195	1609	291	201	2291	1447	2.62 
1	80937	320	169	3200	1612	285	206	2291	1448	2.13 
1	80991	318	171	3198	1612	293	198	2292	1447	2.98 
1	81045	320	169	3198	1613	292	199	2292	1448	2.69 
1	81098	320	171	3201	1613	292	200	2293	1448	2.91 
1	81153	320	171	3198	1608	292	199	2292	1447	2.62 
1	81206	321	168	3200	1608	292	199	2292	1448	2.20 
1	81260	318	169	3195	1610	290	200	2292	1448	2.91 
1	81313	321	170	3198	1609	289	202	2293	1449	3.47 
1	81367	320	171	3194	1609	292	199	2292	1447	2.55 
1	81421	319	172	3199	1611	290	201	2292	1448	2.20 
1	81474	320	173	3193	1607	285	206	2293	1448	2.91 
1	81528	321	172	3195	1604	282	209	2292	1448	2.76 
1	81582	319	170	3195	1609	288	203	2292	1446	3.05 
1	81636	318	174	3192	1612	289	202	2293	1447	3.12 
1	81689	321	172	3194	1607	288	202	2293	1446	2.06 
1	81743	319	174	3194	1612	292	199	2292	1448	3.12 
1	81797	319	170	3194	1607	292	199	2292	1445	3.54 
1	81851	319	174	3200	1608	285	206	2291	1448	2.76 
1	81904	319	172	3197	1610	289	202	2288	1453	2.69 
1	81958	319	174	3198	1613	290	201	2292	1447	2.84 
1	82012	321	171	3195	1609	289	202	2292	1448	2.98 
1	82066	319	172	3195	1608	289	202	2290	1448	3.33 
1	82119	319	174	3198	1605	292	199	2292	1447	2.91 
1	82172	321	172	3199	1613	289	202	2293	1448	2.20 
1	82227	319	172	3197	1611	293	198	2291	1447	2.84 
1	82280	320	173	3198	1612	289	202	2292	1445	3.40 
1	82334	321	172	3197	1606	289	202	2291	1449	2.76 
1	82387	319	172	3198	1609	294	196	2291	1447	2.84 
1	82442	319	172	3198	1607	292	199	2292	1447	2.62 
1	82495	321	172	3199	1606	292	199	2290	1447	2.98 
1	82549	319	172	3195	1609	285	206	2293	1448	3.33 
1	82603	319	172	3197	1607	289	202	2293	1447	2.84 
1	82657	321	172	3196	1609	294	197	2293	1449	2.06 
1	82710	319	172	3198	1611	292	199	2294	1447	2.91 
1	82764	319	172	3196	1610	290	201	2293	1448	3.26 
1	82818	321	172	3193	1610	292	200	2293	1449	2.76 
1	82872	319	172	3196	1608	292	199	2292	1447	2.69 
1	82925	321	172	3194	1605	289	202	2292	1447	2.48 
1	82978	321	172	3195	1609	292	199	2292	1448	2.84 
1	83033	321	172	3194	1606	289	202	2293	1447	3.40 
1	83086	321	172	3195	1609	291	200	2293	1447	2.69 
1	83140	319	172	3195	1607	292	199	2293	1448	2.13 
1	83193	319	172	3195	1608	292	199	2293	1447	2.98 
1	83248	319	174	3200	1617	292	199	2293	1447	2.91 
1	83301	321	172	3199	1611	291	200	2293	1447	2.69 
1	83355	319	172	3200	1611	289	202	2293	1448	2.84 
1	83408	319	174	3194	1612	289	202	2292	1448	2.41 
1	83463	319	172	3195	1611	289	202	2292	1448	2.91 
1	83516	319	174	3201	1610	289	202	2291	1445	3.33 
1	83570	319	174	3202	1609	285	207	2291	1447	2.98 
1	83623	319	172	3198	1614	292	199	2291	1447	2.13 
1	83678	319	172	3197	1611	289	202	2292	1448	2.69 
1	83731	319	172	3196	1612	292	199	2291	1448	2.76 
1	83784	321	172	3196	1617	289	202	2291	1447	3.05 
1	83838	319	171	3198	1611	271	220	2291	1447	2.84 
1	83892	319	172	3201	1608	289	203	2292	1448	2.34 
1	83946	319	172	3200	1613	289	202	2292	1447	2.76 
1	83999	322	171	3197	1608	294	197	2292	1447	3.33 
1	84054	319	171	3194	1610	289	201	2286	1450	2.62 
1	84107	321	172	3194	1607	289	202	2291	1447	2.20 
1	84161	321	172	3194	1608	292	199	2292	1447	2.62 
1	84214	319	172	3196	1607	286	204	2292	1446	2.84 
1	84269	319	172	3194	1608	292	200	2291	1447	3.12 
1	84322	321	172	3193	1607	292	199	2292	1443	2.76 
1	84376	321	172	3192	1611	292	199	2291	1446	2.27 
1	84429	321	172	3194	1609	292	199	2292	1447	2.76 
1	84484	320	173	3194	1606	293	199	2290	1446	3.62 
1	84537	321	172	3192	1609	292	200	2291	1447	2.62 
1	84590	322	171	3195	1611	292	198	2291	1447	2.27 
1	84644	319	172	3196	1614	289	202	2291	1446	2.91 
1	84698	319	173	3200	1611	292	198	2290	1448	2.84 
1	84752	322	171	3199	1612	292	199	2292	1447	2.98 
1	84805	322	171	3197	1611	292	199	2291	1446	2.76 
1	84859	320	171	3195	1607	292	200	2290	1447	2.13 
1	84913	322	171	3191	1606	286	205	2291	1448	2.98 
1	84967	319	172	3195	1609	292	199	2292	1446	3.54 
1	85020	319	172	3194	1604	292	199	2292	1447	2.84 
1	85074	321	172	3192	1605	292	199	2292	1446	2.55 
1	85128	319	174	3193	1610	295	196	2287	1452	2.69 
1	85182	319	174	3194	1607	289	203	2292	1448	2.84 
1	85235	322	171	3194	1605	289	202	2291	1447	3.33 
1	85289	320	171	3195	1607	285	206	2291	1446	2.84 
1	85343	322	171	3197	1610	283	209	2291	1447	2.13 
1	85396	320	171	3197	1610	289	202	2292	1447	3.05 
1	85450	319	172	3197	1609	282	210	2291	1447	3.40 
1	85504	319	172	3194	1607	292	199	2292	1447	2.91 
1	85558	321	172	3195	1607	292	199	2291	1439	2.69 
1	85611	320	173	3192	1609	292	199	2290	1449	2.62 
1	85665	322	171	3202	1613	285	207	2291	1446	2.84 
1	85719	319	172	3197	1610	289	202	2292	1448	3.47 
1	85773	320	173	3201	1611	291	200	2291	1448	2.84 
1	85826	321	172	3195	1608	289	202	2292	1448	2.13 
1	85880	322	171	3201	1609	289	202	2291	1448	2.91 
1	85934	322	171	3197	1614	292	199	2291	1448	3.26 
1	85988	322	171	3198	1611	287	204	2291	1448	2.91 
1	86041	319	172	3196	1609	291	200	2292	1445	2.76 
1	86095	320	171	3194	1607	292	198	2291	1447	2.55 
1	86149	322	171	3196	1608	292	200	2292	1447	2.76 
1	86202	322	171	3195	1610	292	199	2291	1447	3.33 
1	86256	322	171	3196	1608	289	202	2292	1446	2.76 
1	86309	320	171	3195	1610	289	202	2291	1446	1.98 
1	86364	322	171	3197	1606	292	200	2292	1447	2.91 
1	86417	320	171	3200	1613	291	200	2292	1448	3.19 
1	86471	321	172	3198	1610	292	199	2291	1447	2.91 
1	86524	322	171	3202	1607	295	197	2291	1447	2.76 
1	86579	320	171	3201	1612	285	206	2291	1446	2.48 
1	86632	320	171	3194	1610	287	204	2290	1447	2.98 
1	86686	320	173	3191	1609	294	197	2290	1447	3.47 
1	86739	320	171	3199	1608	292	199	2292	1447	2.69 
1	86794	320	171	3197	1607	286	205	2292	1446	2.06 
1	86847	322	171	3195	1608	289	203	2291	1447	2.98 
1	86901	321	172	3195	1607	292	197	2291	1446	2.84 
1	86955	320	171	3196	1610	293	199	2290	1448	2.98 
1	87008	322	171	3192	1608	289	202	2290	1446	2.84 
1	87062	320	171	3192	1607	292	199	2291	1447	2.27 
1	87115	320	171	3198	1608	289	203	2293	1445	2.98 
1	87170	320	171	3193	1610	288	203	2290	1446	3.33 
1	87223	322	171	3191	1613	292	199	2292	1448	2.62 
1	87277	320	171	3194	1607	289	202	2290	1446	2.13 
1	87330	322	171	3195	1611	288	202	2291	1447	2.84 
1	87385	322	171	3195	1611	278	213	2290	1446	2.69 
1	87438	322	171	3195	1612	292	199	2291	1446	2.84 
1	87492	320	171	3192	1606	289	203	2291	1447	2.69 
1	87545	322	171	3196	1611	292	199	2290	1447	2.27 
1	87600	320	171	3193	1606	285	206	2290	1447	2.91 
1	87653	320	171	3191	1610	293	199	2291	1447	3.40 
1	87707	322	171	3192	1610	285	206	2291	1447	2.62 
1	87760	320	171	3190	1610	292	199	2291	1447	2.13 
1	87814	320	173	3195	1608	285	206	2291	1447	2.62 
1	87868	322	171	3198	1609	289	202	2293	1438	2.84 
1	87921	320	171	3196	1613	289	202	2291	1444	3.05 
1	87975	322	171	3198	1609	292	199	2292	1447	2.62 
1	88029	320	171	3198	1612	292	199	2291	1446	2.27 
1	88083	319	172	3198	1611	285	206	2290	1446	2.84 
1	88136	320	173	3195	1604	292	199	2291	1446	3.47 
1	88190	320	173	3196	1605	292	199	2291	1446	2.62 
1	88244	320	173	3193	1612	289	202	2290	1447	2.27 
1	88298	322	171	3188	1614	288	203	2292	1445	2.91 
1	88351	322	171	3193	1606	289	202	2291	1447	2.84 
1	88406	322	171	3195	1605	293	198	2293	1446	3.12 
1	88459	320	173	3195	1608	294	197	2292	1447	2.76 
1	88513	323	170	3195	1610	292	199	2291	1444	2.34 
1	88566	322	171	3193	1611	292	199	2292	1447	2.84 
1	88621	320	173	3193	1609	294	197	2291	1446	3.69 
1	88674	322	171	3196	1608	292	199	2291	1438	2.76 
1	88727	320	171	3194	1610	289	202	2292	1446	2.69 
1	88781	325	168	3201	1608	293	199	2291	1447	2.55 
1	88835	320	171	3195	1608	291	200	2292	1446	2.98 
1	88889	320	173	3197	1605	295	197	2291	1444	3.26 
1	88942	321	170	3197	1613	294	197	2291	1447	2.69 
1	88996	322	171	3192	1607	293	199	2290	1447	2.06 
1	89050	322	171	3196	1607	289	202	2291	1446	2.76 
1	89104	320	171	3193	1607	289	202	2290	1446	3.40 
1	89157	321	172	3199	1609	289	202	2285	1449	2.69 
1	89211	320	171	3199	1613	289	203	2290	1446	2.84 
1	89265	323	170	3196	1613	292	199	2291	1446	2.76 
1	89319	320	171	3197	1611	291	200	2290	1446	3.12 
1	89372	322	171	3192	1612	292	199	2290	1445	3.40 
1	89426	320	171	3194	1612	289	203	2290	1448	2.84 
1	89480	321	172	3193	1607	292	199	2292	1447	2.20 
1	89533	320	171	3196	1614	294	197	2292	1446	2.98 
1	89587	320	170	3197	1613	289	203	2291	1446	3.33 
1	89640	320	171	3191	1609	293	198	2290	1447	2.76 
1	89695	320	171	3195	1605	290	201	2292	1446	2.76 
1	89748	323	168	3192	1608	293	199	2292	1448	2.48 
1	89802	323	170	3193	1606	288	203	2291	1446	2.84 
1	89856	321	170	3192	1607	292	199	2291	1448	3.40 
1	89910	320	171	3193	1609	294	197	2291	1447	2.84 
1	89963	325	168	3192	1606	294	197	2291	1447	2.13 
1	90017	321	170	3191	1609	289	203	2291	1447	2.98 
1	90071	320	173	3193	1608	289	203	2291	1447	2.98 
1	90125	320	171	3193	1607	289	200	2291	1447	2.69 
1	90178	320	171	3192	1605	289	202	2291	1447	2.84 
1	90232	323	168	3194	1606	292	199	2289	1447	2.41 
1	90286	322	171	3193	1610	286	205	2291	1447	2.62 
1	90339	322	171	3196	1605	289	203	2291	1439	3.54 
1	90393	324	169	3193	1607	285	206	2291	1446	2.84 
1	90446	325	168	3190	1609	293	199	2289	1447	2.06 
1	90501	320	173	3196	1610	289	202	2291	1447	2.84 
1	90554	322	171	3196	1604	286	206	2289	1447	2.69 
1	90608	322	171	3196	1608	289	202	2292	1446	3.05 
1	90661	323	168	3193	1606	285	206	2291	1447	2.69 
1	90716	320	171	3192	1608	294	197	2290	1448	2.13 
1	90769	324	167	3194	1609	286	206	2290	1448	2.91 
1	90823	323	170	3193	1607	289	202	2291	1446	3.40 
1	90876	323	170	3193	1604	289	202	2291	1447	2.62 
1	90931	320	171	3189	1610	289	202	2291	1447	1.91 
1	90984	320	173	3194	1608	289	203	2290	1445	2.62 
1	91038	320	171	3192	1605	293	199	2289	1446	2.69 
1	91091	325	168	3192	1605	292	199	2289	1446	3.05 
1	91145	320	171	3193	1613	289	202	2290	1443	2.76 
1	91199	324	167	3193	1610	289	202	2290	1446	2.06 
1	91252	320	173	3195	1607	292	199	2290	1446	2.91 
1	91307	325	168	3195	1613	288	202	2290	1446	3.47 
1	91360	322	171	3199	1609	292	199	2290	1446	2.48 
1	91414	321	172	3194	1606	292	197	2290	1446	2.27 
1	91467	320	171	3194	1608	292	199	2290	1446	2.69 
1	91522	323	170	3192	1607	292	199	2289	1447	2.84 
1	91575	323	168	3194	1608	289	202	2291	1443	3.05 
1	91629	324	169	3194	1608	292	199	2291	1446	2.84 
1	91682	324	167	3192	1608	282	210	2290	1445	2.13 
1	91737	322	171	3193	1605	285	206	2289	1446	2.91 
1	91790	322	171	3198	1609	294	197	2290	1445	3.54 
1	91844	320	173	3197	1606	289	202	2291	1447	2.69 
1	91897	320	171	3194	1603	288	203	2290	1446	2.27 
1	91951	323	168	3196	1605	289	202	2290	1444	2.62 
1	92005	323	168	3193	1606	292	199	2290	1446	2.84 
1	92058	322	171	3192	1611	292	199	2291	1446	3.12 
1	92112	323	170	3194	1607	292	199	2290	1446	2.91 
1	92166	323	168	3192	1610	289	202	2290	1446	2.13 
1	92220	326	167	3193	1607	289	202	2289	1447	2.98 
1	92273	321	170	3192	1606	288	203	2290	1446	3.69 
1	92327	325	168	3193	1607	292	199	2290	1445	2.69 
1	92381	323	168	3193	1610	289	200	2290	1447	2.91 
1	92435	325	168	3195	1609	291	200	2290	1446	2.48 
1	92488	322	171	3194	1614	289	202	2290	1445	3.05 
1	92542	323	170	3191	1608	289	202	2289	1446	3.19 
1	92596	324	169	3194	1608	291	200	2289	1446	2.62 
1	92650	322	171	3193	1608	289	202	2290	1446	1.98 
1	92703	325	168	3196	1609	286	205	2289	1445	2.91 
1	92756	325	168	3197	1605	289	202	2289	1447	3.33 
1	92811	325	168	3189	1605	289	202	2289	1446	2.91 
1	92864	326	167	3191	1605	289	202	2289	1447	2.84 
1	92918	323	168	3191	1605	292	199	2290	1447	2.69 
1	92972	322	171	3191	1607	279	212	2290	1447	2.84 
1	93026	321	170	3189	1607	292	199	2289	1446	3.33 
1	93079	320	171	3191	1603	292	199	2289	1446	2.69 
1	93133	324	169	3199	1606	292	199	2290	1446	2.13 
1	93187	320	171	3190	1610	295	196	2290	1447	2.98 
1	93241	323	168	3190	1602	294	197	2290	1446	3.33 
1	93294	323	170	3189	1605	291	200	2289	1444	2.76 
1	93348	321	170	3190	1606	293	198	2290	1445	2.76 
1	93402	323	168	3192	1604	293	199	2290	1446	2.41 
1	93456	326	167	3191	1607	288	203	2289	1445	2.76 
1	93509	324	169	3193	1607	289	202	2290	1446	3.33 
1	93562	320	173	3199	1602	292	199	2289	1446	2.55 
1	93617	322	171	3189	1615	293	198	2290	1445	2.20 
1	93670	320	171	3194	1607	289	202	2289	1446	3.05 
1	93724	324	169	3197	1606	293	198	2291	1443	3.19 
1	93777	322	169	3194	1604	292	199	2289	1445	2.76 
1	93832	323	170	3189	1607	289	203	2289	1446	2.84 
1	93885	323	168	3192	1603	292	200	2290	1444	2.55 
1	93939	323	168	3190	1604	295	196	2289	1445	2.98 
1	93992	321	170	3191	1602	286	205	2289	1446	3.54 
1	94047	323	170	3186	1607	292	199	2289	1446	2.69 
1	94100	320	171	3189	1603	292	199	2289	1445	1.91 
1	94154	322	171	3189	1607	286	205	2289	1445	2.84 
1	94208	323	168	3190	1603	288	203	2289	1445	2.84 
1	94262	320	171	3192	1603	289	203	2289	1445	2.91 
1	94315	322	171	3189	1608	292	200	2289	1446	2.76 
1	94368	321	172	3191	1610	289	202	2289	1446	2.27 
1	94423	323	170	3193	1601	289	203	2289	1447	2.84 
1	94476	325	168	3190	1607	292	199	2289	1446	3.69 
1	94530	323	170	3191	1605	292	199	2289	1436	2.62 
1	94583	323	168	3190	1605	285	206	2289	1445	2.20 
1	94638	321	170	3188	1605	289	202	2289	1443	2.62 
1	94691	322	171	3188	1604	295	197	2289	1444	2.76 
1	94745	323	170	3189	1609	286	205	2290	1444	2.91 
1	94798	320	171	3188	1606	292	199	2290	1446	2.84 
1	94853	323	168	3189	1606	289	202	2290	1445	2.34 
1	94906	324	169	3189	1609	292	199	2292	1444	2.84 
1	94960	321	170	3192	1611	292	199	2289	1446	3.47 
1	95013	321	172	3188	1604	292	199	2290	1446	2.62 
1	95068	321	172	3191	1605	293	198	2290	1436	2.34 
