1	166497	339	189	968	507 
1	166498	339	189	966	509 
1	166598	338	190	962	509 
1	166699	338	190	963	510 
1	166799	338	190	962	510 
1	166898	338	190	965	505 
1	166999	338	190	963	507 
1	167099	338	190	964	509 
1	167199	338	190	963	507 
1	167299	338	190	961	509 
1	167399	338	190	961	509 
1	167499	337	188	960	510 
1	167600	338	190	961	507 
1	167699	338	190	960	511 
1	167799	338	190	963	510 
1	167900	338	190	965	510 
1	168000	338	190	966	495 
1	168099	338	190	970	513 
1	168200	339	190	971	515 
1	168300	339	190	972	513 
1	168400	340	190	971	514 
1	168500	339	189	968	514 
1	168600	339	190	967	512 
1	168700	339	190	965	512 
1	168801	339	190	970	509 
1	168900	339	190	969	509 
1	169000	339	190	969	509 
1	169101	340	190	968	512 
1	169201	340	191	969	514 
1	169300	340	191	967	516 
1	169401	340	191	971	513 
1	169501	340	190	970	513 
1	169602	340	190	972	511 
1	169701	340	190	969	515 
1	169801	340	190	967	517 
1	169902	340	191	973	510 
1	170002	340	191	971	513 
1	170101	340	191	972	513 
1	170202	340	191	972	513 
1	170302	340	191	970	514 
1	170402	340	191	972	504 
1	170502	341	190	970	516 
1	170602	341	190	968	517 
1	170702	341	191	967	519 
1	170803	340	191	972	516 
1	170902	340	191	968	517 
1	171002	339	191	970	515 
1	171103	339	190	967	504 
1	171203	341	191	972	514 
1	171302	341	192	973	513 
1	171403	340	191	971	511 
1	171503	341	191	972	513 
1	171603	340	191	968	517 
1	171703	341	191	969	515 
1	171803	340	190	970	508 
1	171904	340	191	972	509 
1	172004	341	191	966	515 
1	172103	341	191	967	513 
1	172204	341	191	967	513 
1	172304	341	192	968	511 
1	172404	340	191	966	510 
1	172504	341	192	968	509 
1	172604	341	191	967	508 
1	172704	341	191	968	508 
1	172805	340	190	960	498 
1	172904	340	191	959	511 
1	173004	341	191	959	510 
1	173105	341	191	964	507 
1	173205	341	191	962	508 
1	173304	341	190	954	508 
1	173405	341	191	955	512 
1	173505	341	191	959	503 
1	173605	341	192	954	507 
1	173706	341	192	957	503 
1	173805	340	191	953	501 
1	173905	341	190	949	499 
1	174006	341	190	948	499 
1	174106	341	192	951	498 
1	174205	342	191	945	503 
1	174306	342	191	945	498 
1	174406	341	192	942	498 
1	174507	341	192	940	499 
1	174606	340	191	935	498 
1	174706	341	191	936	493 
1	174807	342	191	935	495 
1	174907	341	191	930	497 
1	175006	343	192	927	496 
1	175107	342	192	926	483 
1	175207	343	192	921	494 
1	175307	343	192	925	487 
1	175407	343	192	918	488 
1	175507	342	191	915	488 
1	175607	343	193	909	485 
1	175708	343	193	914	481 
1	175807	343	192	909	482 
1	175907	343	192	906	478 
1	176008	342	192	900	480 
1	176108	341	192	893	477 
1	176207	342	192	893	471 
1	176308	342	191	891	469 
1	176408	341	192	882	472 
1	176508	343	192	882	469 
1	176608	343	192	878	470 
1	176708	343	191	879	469 
1	176808	342	192	870	461 
1	176909	343	192	871	459 
1	177008	342	192	866	453 
1	177108	343	192	861	457 
1	177209	342	192	854	458 
1	177309	343	192	851	454 
1	177409	343	193	847	451 
1	177509	343	192	841	450 
1	177609	343	193	837	447 
1	177710	343	192	834	447 
1	177809	343	192	826	443 
1	177909	342	191	817	440 
1	178010	343	192	815	439 
1	178110	343	192	810	437 
1	178209	343	192	806	432 
1	178310	343	192	804	428 
1	178410	343	192	796	428 
1	178510	343	192	788	417 
1	178511	343	192	788	417 
1	178612	343	192	784	424 
1	178712	343	192	786	422 
1	178812	343	192	789	426 
1	178912	343	192	796	428 
1	179012	343	192	805	427 
1	179112	343	192	804	437 
1	179213	342	192	808	433 
1	179312	343	193	815	437 
1	179412	343	193	818	442 
1	179513	343	192	815	451 
1	179613	343	193	827	448 
1	179713	344	192	835	433 
1	179813	343	191	835	450 
1	179913	343	193	840	449 
1	180014	343	192	843	451 
1	180113	342	192	848	439 
1	180213	343	191	848	460 
1	180314	342	192	854	460 
1	180414	342	192	861	458 
1	180513	342	192	865	461 
1	180614	342	192	869	462 
1	180714	342	192	875	463 
1	180814	343	191	877	469 
1	180914	341	191	873	472 
1	181014	342	192	880	474 
1	181114	343	191	886	470 
1	181215	343	191	883	477 
1	181314	342	192	889	478 
1	181414	342	192	895	477 
1	181515	342	193	898	479 
1	181615	343	192	899	482 
1	181715	342	191	901	484 
1	181815	342	192	907	484 
1	181915	342	192	911	484 
1	182016	343	191	912	487 
1	182116	343	192	918	488 
1	182215	342	191	916	491 
1	182316	343	192	921	489 
1	182416	341	192	922	491 
1	182516	341	192	925	490 
1	182616	343	192	923	497 
1	182716	343	192	930	492 
1	182816	343	192	937	492 
1	182917	342	193	930	500 
1	183016	342	192	940	497 
1	183116	343	191	937	503 
1	183217	341	192	940	500 
1	183317	342	191	940	501 
1	183416	342	192	947	500 
1	183517	341	192	944	500 
1	183617	342	192	950	500 
1	183717	341	192	952	497 
1	183817	343	192	953	501 
1	183917	343	192	955	500 
1	184017	342	192	953	503 
1	184118	342	192	956	504 
1	184217	342	191	949	507 
1	184317	342	192	955	507 
1	184418	342	193	955	514 
1	184518	342	191	959	503 
1	184617	343	192	963	507 
1	184718	342	191	957	512 
1	184818	342	192	963	508 
1	184919	341	191	955	515 
1	185018	342	191	955	513 
1	185118	343	192	959	511 
1	185219	342	192	962	510 
1	185319	343	192	968	506 
1	185418	342	192	968	507 
1	185519	343	192	967	510 
1	185619	343	192	970	512 
1	185719	342	191	968	511 
1	185819	342	192	966	515 
1	185919	343	192	970	517 
1	186019	343	192	976	521 
1	186120	343	193	977	517 
1	186219	342	192	977	515 
1	186319	344	192	980	520 
1	186420	343	193	980	519 
1	186520	343	193	977	520 
1	186619	343	192	976	524 
1	186720	343	193	980	520 
1	186820	343	192	978	522 
1	186920	343	192	979	521 
1	187020	343	193	981	519 
1	187120	343	193	984	517 
1	187220	343	192	980	518 
1	187321	343	193	978	522 
1	187420	343	192	982	516 
1	187521	343	192	977	520 
1	187621	343	192	973	519 
1	187721	343	191	979	513 
1	187821	343	192	981	511 
1	187921	342	191	975	514 
1	188021	343	192	981	511 
1	188122	342	192	977	506 
1	188221	343	192	976	516 
1	188321	342	192	978	514 
1	188422	343	192	969	523 
1	188522	342	192	977	512 
1	188621	343	192	977	514 
1	188722	342	192	974	513 
1	188822	342	192	973	512 
1	188922	342	192	968	518 
1	189022	343	192	976	512 
1	189122	342	192	975	514 
1	189222	342	192	974	515 
1	189323	342	192	976	511 
1	189422	342	192	979	511 
1	189522	342	192	975	515 
1	189623	343	192	979	501 
1	189723	343	191	975	513 
1	189822	343	192	977	512 
1	189923	343	191	975	512 
1	190023	343	192	974	516 
1	190124	342	191	968	514 
1	190223	341	191	973	513 
1	190323	341	191	972	512 
1	190424	342	191	969	506 
1	190524	342	192	975	514 
1	190526	342	192	975	514 
