1	8281	486	271	1047	544 
1	8283	486	271	1047	544 
1	8383	486	271	1045	544 
1	8483	486	271	1040	550 
1	8583	486	271	1044	546 
1	8683	484	270	1045	545 
1	8783	486	271	1049	543 
1	8884	485	270	1041	545 
1	8983	485	271	1045	545 
1	9083	486	271	1046	544 
1	9184	486	271	1047	543 
1	9284	485	270	1045	545 
1	9383	486	270	1046	544 
1	9484	485	270	1046	544 
1	9584	486	270	1045	546 
1	9684	485	271	1044	547 
1	9784	486	270	1043	548 
1	9884	485	271	1049	544 
1	9985	485	270	1046	548 
1	10085	484	270	1048	543 
1	10184	486	271	1048	550 
1	10285	486	271	1050	547 
1	10385	486	271	1050	547 
1	10485	484	270	1048	544 
1	10585	486	271	1047	551 
1	10685	486	271	1049	547 
1	10785	486	271	1047	549 
1	10886	486	271	1049	546 
1	10985	486	271	1046	546 
1	11085	486	271	1045	547 
1	11186	486	271	1044	548 
1	11286	487	270	1043	548 
1	11385	486	270	1040	541 
1	11486	486	270	1038	536 
1	11586	486	270	1043	538 
1	11686	485	271	1038	539 
1	11786	484	267	1031	540 
1	11886	484	269	1031	537 
1	11986	483	270	1029	540 
1	12087	486	270	1029	538 
1	12186	485	271	1031	537 
1	12286	486	270	1028	534 
1	12387	486	270	1024	536 
1	12487	485	271	1023	537 
1	12587	485	271	1024	534 
1	12687	486	270	1021	528 
1	12787	485	271	1015	532 
1	12888	485	270	1012	527 
1	12987	485	271	1007	525 
1	13087	485	270	1011	509 
1	13188	485	271	1000	527 
1	13288	486	271	998	521 
1	13387	486	270	996	521 
1	13488	487	270	992	519 
1	13588	485	271	990	515 
1	13688	486	271	982	518 
1	13788	486	270	980	519 
1	13888	486	271	971	508 
1	13988	485	271	971	514 
1	14089	485	268	963	505 
1	14188	485	270	962	508 
1	14288	486	271	957	504 
1	14389	485	270	952	500 
1	14489	485	271	946	496 
1	14588	485	270	941	498 
1	14689	486	270	934	492 
1	14789	485	271	924	493 
1	14889	484	271	921	487 
1	14989	485	271	913	485 
1	15089	485	271	914	467 
1	15190	485	270	906	464 
1	15290	485	271	900	474 
1	15389	485	270	894	470 
1	15490	484	270	886	466 
1	15590	485	271	882	465 
1	15690	484	269	872	463 
1	15790	484	269	870	455 
1	15890	484	270	860	454 
1	15990	485	271	857	452 
1	16091	483	270	847	448 
1	16190	484	270	839	449 
1	16290	484	269	831	445 
1	16391	485	271	825	445 
1	16491	485	270	817	442 
1	16590	485	270	815	433 
1	16691	486	271	808	429 
1	16791	485	271	796	430 
1	16891	485	269	785	419 
1	16991	485	270	784	412 
1	17091	485	271	776	417 
1	17191	484	269	768	413 
1	17292	485	271	766	406 
1	17391	485	270	759	403 
1	17491	485	268	751	401 
1	17592	484	269	739	400 
1	17692	484	270	729	396 
1	17792	484	270	726	379 
1	17892	485	271	716	392 
1	17992	485	271	710	384 
1	18093	486	270	705	379 
1	18192	483	270	695	374 
1	18292	484	270	689	360 
1	18393	485	271	678	371 
1	18493	486	271	674	365 
1	18592	485	271	665	363 
1	18693	486	270	653	362 
1	18793	485	271	651	353 
1	18893	486	271	645	347 
1	18993	484	269	636	341 
1	19093	485	270	627	342 
1	19193	485	270	621	336 
1	19294	485	270	607	332 
1	19393	485	269	598	330 
1	19493	484	271	586	330 
1	19594	485	271	578	327 
1	19694	485	270	574	318 
1	19793	485	271	563	318 
1	19894	484	270	562	308 
1	19994	485	270	553	306 
1	20094	485	269	547	300 
1	20194	485	270	540	291 
1	20294	484	270	528	296 
1	20296	484	270	528	296 
1	20398	484	270	525	282 
1	20498	485	269	531	292 
1	20597	484	271	542	303 
1	20698	484	270	554	305 
1	20798	485	270	561	311 
1	20898	484	269	567	316 
1	20998	484	270	580	317 
1	21098	484	270	588	319 
1	21198	484	270	591	329 
1	21299	484	270	603	329 
1	21398	484	270	607	336 
1	21498	484	269	619	338 
1	21599	485	270	633	337 
1	21699	485	270	634	353 
1	21798	485	270	644	351 
1	21899	485	270	652	355 
1	21999	485	271	660	358 
1	22099	485	270	670	361 
1	22199	485	270	679	367 
1	22299	485	269	686	371 
1	22400	485	270	695	376 
1	22500	485	270	703	368 
1	22599	485	270	713	381 
1	22700	485	269	720	389 
1	22800	485	269	729	392 
1	22900	485	269	738	394 
1	23000	485	270	745	400 
1	23100	482	270	752	400 
1	23200	482	269	758	404 
1	23301	482	269	767	407 
1	23400	483	270	776	413 
1	23500	482	268	784	414 
1	23601	483	269	788	423 
1	23701	484	270	802	424 
1	23800	485	269	811	429 
1	23901	483	269	816	431 
1	24001	484	270	823	438 
1	24101	483	269	832	438 
1	24201	484	270	836	449 
1	24301	484	268	846	449 
1	24401	485	270	856	451 
1	24502	483	269	860	453 
1	24601	484	270	871	457 
1	24701	484	270	876	464 
1	24802	485	269	886	465 
1	24902	484	271	892	466 
1	25001	484	270	897	474 
1	25102	485	268	902	476 
1	25202	485	270	914	479 
1	25303	484	270	922	474 
1	25402	485	270	919	492 
1	25502	484	270	930	480 
1	25603	484	270	938	488 
1	25703	485	269	938	493 
1	25802	484	269	944	500 
1	25903	484	270	956	498 
1	26003	484	270	957	503 
1	26103	484	269	959	504 
1	26203	485	269	963	512 
1	26303	484	270	968	515 
1	26403	485	270	982	508 
1	26504	484	270	980	517 
1	26603	485	269	987	516 
1	26703	485	270	989	516 
1	26804	483	270	985	522 
1	26904	483	270	998	519 
1	27003	485	268	996	525 
1	27104	485	270	1004	520 
1	27204	485	270	1008	522 
1	27304	485	270	1007	527 
1	27404	485	270	1008	530 
1	27504	485	270	1013	532 
1	27604	485	271	1017	533 
1	27705	485	271	1023	529 
1	27804	486	270	1025	535 
1	27905	486	270	1022	538 
1	28005	485	270	1028	534 
1	28105	486	271	1028	537 
1	28205	485	270	1031	537 
1	28305	486	271	1031	538 
1	28405	485	270	1029	543 
1	28506	486	271	1032	542 
1	28605	484	270	1038	537 
1	28705	485	271	1036	539 
1	28806	486	271	1039	531 
1	28906	485	271	1038	541 
1	29005	486	271	1039	541 
1	29106	485	271	1039	541 
1	29206	486	271	1040	542 
1	29306	486	270	1038	545 
1	29406	485	270	1037	543 
1	29506	485	271	1040	550 
1	29606	486	271	1046	534 
1	29707	486	270	1040	550 
1	29806	486	269	1046	546 
1	29906	486	270	1036	554 
1	30007	486	271	1045	546 
1	30107	486	271	1040	550 
1	30206	486	270	1041	549 
1	30307	487	271	1044	547 
1	30407	486	270	1048	543 
1	30508	485	270	1043	547 
1	30608	485	271	1049	542 
1	30707	486	271	1049	544 
1	30808	485	271	1045	547 
1	30908	485	271	1048	546 
1	31008	485	271	1048	546 
1	31108	485	271	1043	547 
1	31208	485	270	1041	549 
1	31308	486	270	1045	547 
1	31409	486	270	1041	551 
1	31508	484	271	1048	542 
1	31608	486	270	1044	547 
1	31709	486	271	1047	544 
1	31809	484	270	1042	548 
1	31908	486	270	1042	549 
1	32009	484	270	1039	551 
1	32109	487	272	1048	542 
1	32209	487	272	1048	543 
1	32309	487	272	1046	545 
