1	11594	1127	596	16749	11534	1.91 
1	11646	1126	596	16743	11527	1.84 
1	11699	1127	595	16743	11524	1.91 
1	11751	1126	597	16750	11536	1.84 
1	11803	1126	596	16741	11534	1.84 
1	11856	1127	596	16745	11526	1.84 
1	11909	1127	596	16743	11529	1.91 
1	11961	1127	595	16748	11534	1.77 
1	12013	1126	593	16714	11516	1.84 
1	12066	1124	594	16716	11507	1.91 
1	12119	1126	595	16751	11537	1.91 
1	12171	1127	596	16754	11531	1.84 
1	12223	1126	597	16751	11535	1.84 
1	12275	1128	596	16746	11532	1.84 
1	12328	1127	595	16742	11523	1.84 
1	12381	1126	596	16756	11534	1.84 
1	12433	1126	596	16756	11538	1.91 
1	12485	1125	596	16712	11503	1.84 
1	12537	1124	595	16749	11537	1.84 
1	12591	1127	596	16752	11536	1.77 
1	12643	1126	597	16758	11537	1.91 
1	12695	1126	596	16744	11530	1.84 
1	12747	1126	595	16751	11534	1.91 
1	12801	1126	596	16760	11536	1.84 
1	12853	1126	595	16752	11533	1.84 
1	12905	1126	597	16758	11537	1.84 
1	12957	1126	597	16753	11540	1.77 
1	13009	1125	594	16746	11531	1.84 
1	13063	1125	595	16741	11532	1.84 
1	13115	1126	593	16753	11538	1.84 
1	13167	1125	596	16753	11537	1.84 
1	13219	1125	596	16744	11531	1.77 
1	13272	1126	595	16750	11531	1.84 
1	13325	1126	596	16752	11531	1.77 
1	13377	1125	593	16757	11536	1.91 
1	13429	1126	596	16754	11534	1.91 
1	13481	1126	595	16746	11531	1.84 
1	13535	1126	596	16757	11534	1.84 
1	13587	1125	595	16748	11530	1.77 
1	13639	1126	596	16740	11530	1.77 
1	13691	1124	593	16722	11517	1.77 
1	13744	1117	591	16753	11534	1.84 
1	13797	1124	595	16736	11520	1.84 
1	13849	1123	593	16741	11518	1.91 
1	13901	1123	594	16742	11527	1.84 
1	13954	1097	581	16677	11475	1.84 
1	14006	1088	576	16559	11389	1.84 
1	14059	1100	578	16649	11454	1.84 
1	14111	1070	565	16728	11519	1.91 
1	14163	1031	544	16692	11491	1.84 
1	14216	978	520	16655	11460	1.77 
1	14268	925	489	16478	11328	1.84 
1	14321	884	468	16386	11261	1.91 
1	14373	845	450	16231	11153	1.84 
1	14426	811	430	15978	10966	1.84 
1	14478	767	408	15722	10796	1.77 
1	14530	727	385	15400	10566	1.84 
1	14582	697	370	15139	10382	1.70 
1	14636	657	345	14784	10131	1.84 
1	14688	609	321	14433	9890	1.84 
1	14740	530	280	13709	9383	1.84 
1	14792	523	278	12985	8876	1.84 
1	14844	528	282	12503	8537	1.77 
1	14897	564	298	12030	8203	1.77 
1	14949	703	372	10829	7367	1.98 
1	15002	843	449	13299	9080	1.84 
1	15054	1043	551	15096	10351	1.84 
1	15107	1075	572	15746	10814	1.84 
1	15159	1103	584	15938	10959	1.84 
1	15211	1108	586	16055	11041	1.84 
1	15264	1116	592	16131	11099	1.84 
1	15316	1119	593	16179	11127	1.77 
1	15369	1122	593	16164	11118	1.77 
1	15421	1128	596	16213	11151	1.77 
1	15473	1132	594	16221	11162	1.91 
1	15526	1133	595	16226	11163	1.91 
1	15579	1136	602	16266	11186	1.84 
1	15631	1138	603	16280	11202	1.84 
1	15683	1141	603	16299	11222	1.77 
1	15735	1144	605	16302	11216	1.91 
1	15789	1147	607	16311	11222	1.98 
1	15841	1149	607	16326	11236	1.84 
1	15893	1150	608	16326	11239	1.91 
1	15945	1151	608	16341	11249	1.84 
1	15998	1152	609	16336	11237	1.84 
1	16051	1153	608	16346	11246	1.84 
1	16103	1154	613	16351	11245	1.84 
1	16155	1154	614	16355	11252	1.84 
1	16207	1154	612	16364	11260	1.84 
1	16261	1156	612	16375	11266	1.91 
1	16313	1156	612	16367	11257	1.84 
1	16365	1156	612	16365	11257	1.84 
1	16417	1157	611	16366	11258	1.91 
1	16470	1157	611	16370	11262	1.84 
1	16523	1158	612	16373	11264	1.84 
1	16575	1162	609	16390	11274	3.90 
1	16627	1159	612	16387	11267	10.99 
1	16679	1160	612	16384	11276	13.82 
1	16733	1158	611	16362	11259	16.02 
1	16785	1163	609	16371	11261	18.01 
1	16837	1162	611	16397	11274	19.14 
1	16889	1163	610	16399	11283	19.71 
1	16943	1162	611	16395	11275	20.06 
1	16995	1161	611	16396	11279	20.20 
1	17047	1159	612	16394	11282	20.20 
1	17099	1159	612	16355	11252	20.13 
1	17153	1159	612	16375	11265	20.27 
1	17205	1164	610	16415	11291	20.42 
1	17257	1162	611	16402	11286	20.56 
1	17310	1163	612	16402	11285	20.42 
1	17362	1164	613	16401	11280	20.27 
1	17415	1164	612	16403	11286	20.06 
1	17467	1162	615	16396	11284	20.27 
1	17520	1163	613	16407	11290	20.27 
1	17572	1164	612	16408	11287	20.27 
1	17625	1162	614	16387	11279	20.35 
1	17677	1163	612	16406	11288	20.27 
1	17730	1162	613	16418	11291	20.20 
1	17782	1163	615	16405	11288	20.06 
1	17835	1164	614	16408	11290	20.06 
1	17887	1164	613	16410	11287	20.20 
1	17940	1162	617	16429	11302	20.49 
1	17992	1162	614	16402	11285	20.42 
1	18044	1164	613	16399	11281	20.27 
1	18098	1164	610	16372	11267	20.06 
1	18150	1164	614	16408	11293	20.06 
1	18202	1162	616	16414	11295	20.20 
1	18254	1163	615	16407	11291	20.27 
1	18308	1164	615	16416	11291	20.20 
1	18360	1163	617	16424	11301	20.35 
1	18412	1163	617	16424	11300	20.27 
1	18464	1163	616	16430	11305	20.20 
1	18518	1164	615	16412	11295	19.99 
1	18570	1164	615	16412	11292	20.13 
1	18622	1165	615	16415	11297	20.35 
1	18674	1162	617	16409	11289	20.42 
1	18727	1162	614	16415	11292	20.20 
1	18780	1164	613	16424	11301	20.06 
1	18832	1164	614	16428	11303	19.99 
1	18885	1161	614	16427	11301	20.06 
1	18937	1164	614	16427	11301	20.13 
1	18990	1164	613	16419	11297	20.20 
1	19042	1162	611	16419	11297	20.20 
1	19095	1162	614	16413	11295	20.13 
1	19147	1164	613	16430	11305	20.06 
1	19200	1163	613	16424	11299	19.85 
1	19252	1161	613	16428	11306	19.92 
1	19305	1164	613	16425	11302	20.13 
1	19357	1164	614	16432	11304	18.01 
1	19409	1162	616	16441	11312	14.82 
1	19462	1163	611	16409	11284	10.99 
1	19515	1161	613	16439	11312	8.22 
1	19567	1164	612	16427	11303	6.10 
1	19619	1164	613	16441	11310	4.47 
1	19672	1164	613	16447	11312	3.05 
1	19725	1164	614	16433	11308	2.13 
1	19777	1163	614	16437	11309	1.84 
1	19829	1164	614	16447	11309	1.84 
1	19881	1164	612	16435	11315	1.84 
1	19934	1164	613	16425	11296	1.84 
1	19987	1162	615	16434	11304	1.84 
1	20039	1164	613	16427	11305	1.84 
1	20091	1161	610	16401	11284	1.84 
1	20144	1164	614	16437	11305	1.84 
1	20197	1162	616	16447	11317	1.84 
1	20249	1164	613	16443	11307	1.91 
1	20301	1162	613	16442	11311	1.91 
1	20354	1162	613	16432	11303	1.84 
1	20406	1164	612	16438	11305	1.84 
1	20459	1164	613	16436	11305	1.84 
1	20511	1163	610	16413	11291	1.84 
1	20563	1164	612	16447	11319	1.84 
1	20616	1164	612	16442	11309	1.84 
1	20668	1164	613	16434	11309	1.91 
1	20721	1164	613	16441	11307	1.84 
1	20773	1162	609	16447	11308	1.77 
1	20826	1159	612	16412	11289	1.77 
1	20878	1161	612	16400	11288	1.91 
1	20931	1157	612	16401	11282	5.10 
1	20983	1159	612	16422	11299	11.13 
1	21036	1158	612	16408	11288	14.32 
1	21088	1158	612	16411	11291	16.52 
1	21141	1159	612	16416	11291	17.93 
1	21193	1159	611	16424	11297	18.79 
1	21245	1159	611	16410	11295	19.49 
1	21298	1156	612	16412	11288	20.06 
1	21351	1158	612	16415	11299	20.13 
1	21403	1159	611	16418	11290	20.27 
1	21455	1159	612	16417	11291	20.13 
1	21508	1159	612	16427	11297	20.35 
1	21561	1162	610	16445	11312	20.13 
1	21613	1164	610	16450	11321	20.06 
1	21665	1160	613	16448	11319	20.20 
1	21718	1163	610	16452	11317	20.42 
1	21771	1162	609	16459	11322	20.42 
1	21823	1160	613	16452	11317	20.20 
1	21875	1162	610	16452	11318	20.13 
1	21928	1159	612	16462	11326	19.99 
1	21981	1162	610	16455	11319	20.06 
1	22033	1159	612	16445	11314	20.27 
1	22085	1156	612	16407	11291	20.13 
1	22138	1160	612	16431	11304	20.27 
1	22191	1157	611	16415	11292	20.13 
1	22243	1158	611	16411	11285	20.06 
1	22295	1163	609	16461	11323	19.92 
1	22348	1157	615	16444	11314	20.13 
1	22401	1159	612	16444	11315	20.20 
1	22453	1159	612	16449	11315	20.35 
1	22506	1159	612	16452	11317	20.20 
1	22558	1160	611	16451	11317	20.13 
1	22610	1159	612	16444	11309	19.85 
1	22663	1159	612	16439	11307	20.06 
1	22716	1159	612	16438	11310	20.27 
1	22768	1163	609	16456	11317	20.13 
1	22820	1157	612	16470	11328	20.35 
1	22873	1159	612	16443	11314	20.13 
1	22926	1159	612	16448	11313	20.06 
1	22978	1157	612	16455	11320	19.85 
1	23030	1157	611	16453	11317	20.06 
1	23083	1157	611	16414	11288	20.20 
1	23136	1159	612	16447	11312	20.27 
1	23188	1156	613	16427	11300	20.20 
1	23240	1155	611	16420	11295	19.92 
1	23293	1156	611	16465	11331	19.78 
1	23346	1159	611	16466	11325	19.92 
1	23398	1158	612	16466	11335	20.06 
1	23450	1159	612	16463	11324	20.06 
1	23503	1158	610	16441	11310	20.13 
1	23556	1153	613	16412	11291	20.06 
1	23608	1157	611	16453	11317	19.99 
1	23660	1157	612	16448	11319	19.85 
1	23713	1157	611	16447	11315	19.78 
1	23766	1157	611	16450	11315	20.06 
1	23818	1158	611	16451	11309	20.13 
1	23870	1157	611	16447	11309	20.20 
1	23923	1155	611	16449	11311	19.99 
1	23975	1157	611	16446	11305	19.78 
1	24028	1157	611	16427	11296	19.78 
1	24081	1155	613	16401	11283	19.92 
1	24133	1157	611	16449	11322	20.06 
1	24185	1156	612	16415	11289	20.06 
1	24238	1154	612	16424	11296	20.13 
1	24291	1156	612	16446	11316	19.99 
1	24343	1157	611	16448	11309	19.78 
1	24395	1157	611	16444	11306	19.64 
1	24448	1155	613	16447	11311	19.85 
1	24501	1156	611	16442	11306	19.99 
1	24553	1158	611	16449	11309	20.06 
1	24605	1156	613	16460	11330	19.99 
1	24658	1158	611	16461	11321	19.71 
1	24711	1158	612	16443	11308	19.64 
1	24763	1159	612	16447	11311	19.78 
1	24815	1156	614	16447	11310	19.92 
1	24868	1158	611	16454	11317	19.92 
1	24921	1153	613	16411	11287	19.99 
1	24973	1159	612	16466	11327	19.92 
1	25025	1155	611	16446	11313	19.85 
1	25078	1156	610	16418	11295	19.71 
1	25131	1156	612	16420	11293	19.78 
1	25183	1158	612	16441	11307	19.99 
1	25235	1159	611	16449	11319	20.06 
1	25288	1157	612	16447	11309	20.06 
1	25340	1159	611	16449	11314	19.78 
1	25393	1157	612	16450	11316	19.64 
1	25446	1157	612	16430	11301	19.71 
1	25498	1158	612	16404	11281	19.92 
1	25550	1157	611	16447	11315	19.92 
1	25603	1163	610	16452	11324	19.92 
1	25656	1164	609	16462	11326	19.85 
1	25708	1163	610	16451	11320	19.71 
1	25760	1163	610	16439	11308	19.64 
1	25812	1163	610	16451	11317	19.64 
1	25866	1163	610	16463	11320	19.85 
1	25918	1162	612	16444	11307	19.92 
1	25970	1161	611	16448	11315	19.92 
1	26023	1163	611	16446	11310	19.85 
1	26076	1156	613	16406	11283	19.57 
1	26128	1164	609	16441	11312	19.57 
1	26180	1163	610	16451	11316	19.71 
1	26233	1163	610	16450	11318	19.78 
1	26286	1158	612	16417	11290	19.78 
1	26338	1161	613	16457	11321	19.78 
1	26390	1161	610	16448	11317	19.71 
1	26443	1164	610	16456	11315	19.64 
1	26496	1164	610	16450	11315	19.57 
1	26548	1164	611	16445	11308	19.78 
1	26601	1164	612	16451	11314	19.85 
1	26653	1164	611	16453	11324	19.92 
1	26705	1162	612	16448	11318	19.78 
1	26758	1162	610	16444	11311	19.57 
1	26811	1163	611	16437	11305	19.49 
1	26863	1164	610	16441	11307	19.64 
1	26915	1164	610	16441	11308	19.78 
1	26968	1164	611	16442	11316	19.78 
1	27021	1164	610	16446	11307	19.85 
1	27073	1159	611	16416	11289	19.64 
1	27125	1164	610	16421	11295	19.57 
1	27177	1164	610	16452	11312	19.49 
1	27231	1162	611	16456	11323	19.64 
1	27283	1156	613	16424	11299	19.85 
1	27335	1151	608	16325	11226	20.13 
1	27388	1139	603	16154	11108	19.99 
1	27441	1133	597	16048	11036	19.71 
1	27493	1151	607	16317	11228	19.49 
1	27545	1151	607	16315	11218	19.42 
1	27598	1154	613	16360	11248	19.71 
1	27651	1152	608	16313	11220	19.78 
1	27703	1152	609	16343	11240	19.78 
1	27755	1154	609	16343	11242	19.71 
1	27808	1154	612	16344	11241	19.57 
1	27860	1157	611	16372	11260	19.42 
1	27913	1159	612	16410	11291	19.35 
1	27965	1156	611	16416	11286	19.64 
1	28018	1161	609	16398	11280	19.64 
1	28070	1157	612	16394	11281	19.78 
1	28123	1157	611	16379	11263	19.57 
1	28176	1156	612	16369	11258	19.35 
1	28228	1158	612	16386	11269	19.42 
1	28280	1159	612	16407	11286	19.49 
1	28333	1159	612	16396	11272	19.64 
1	28386	1159	612	16395	11276	19.64 
1	28438	1162	610	16418	11290	19.64 
1	28490	1162	610	16405	11277	19.49 
1	28542	1157	615	16391	11278	19.35 
1	28596	1158	611	16413	11284	19.42 
1	28648	1162	612	16410	11288	19.49 
1	28700	1160	612	16398	11282	19.64 
1	28753	1160	612	16406	11287	19.64 
1	28806	1159	612	16435	11308	19.49 
1	28858	1159	610	16420	11297	19.21 
1	28910	1159	612	16419	11290	19.28 
1	28963	1158	612	16427	11304	19.49 
1	29016	1155	611	16400	11285	19.57 
1	29068	1159	612	16393	11276	19.64 
1	29120	1157	611	16384	11266	19.49 
1	29173	1162	610	16394	11279	19.35 
1	29225	1163	610	16434	11298	19.35 
1	29278	1164	609	16431	11307	19.42 
1	29331	1163	610	16431	11305	19.42 
1	29383	1161	613	16433	11311	19.64 
1	29435	1163	616	16441	11305	19.57 
1	29488	1164	616	16435	11310	19.57 
1	29541	1165	615	16428	11300	19.28 
1	29593	1165	616	16427	11297	19.35 
1	29645	1165	615	16425	11291	19.35 
1	29698	1162	617	16417	11293	19.64 
1	29751	1162	610	16356	11250	19.57 
1	29803	1161	611	16370	11262	19.42 
1	29855	1163	609	16370	11261	19.35 
1	29907	1161	609	16366	11258	19.35 
1	29961	1163	610	16364	11257	19.28 
1	30013	1162	611	16368	11256	19.28 
1	30065	1158	612	16321	11226	19.42 
1	30118	1157	611	16330	11234	19.57 
1	30171	1163	610	16369	11253	19.42 
1	30223	1163	610	16371	11261	19.28 
1	30275	1164	610	16357	11252	19.14 
1	30328	1159	611	16329	11227	19.28 
1	30381	1156	612	16293	11209	19.42 
1	30433	1155	613	16298	11207	19.49 
1	30485	1156	612	16284	11195	19.49 
1	30538	1153	609	16274	11194	19.35 
1	30590	1153	613	16300	11212	19.21 
1	30643	1155	613	16305	11214	19.21 
1	30696	1155	613	16296	11209	19.28 
1	30748	1155	613	16303	11209	19.42 
1	30800	1155	613	16309	11214	19.42 
1	30853	1155	613	16309	11221	19.57 
1	30906	1155	613	16292	11207	19.28 
1	30958	1153	613	16301	11208	19.14 
1	31010	1155	613	16303	11214	19.28 
1	31063	1154	608	16279	11197	19.42 
1	31116	1152	608	16270	11189	19.35 
1	31168	1153	609	16275	11194	19.28 
1	31220	1154	613	16307	11217	19.28 
1	31273	1155	613	16308	11214	19.14 
1	31326	1155	613	16315	11221	19.14 
1	31378	1155	613	16322	11218	19.28 
1	31430	1154	613	16320	11222	19.28 
1	31483	1154	613	16336	11235	19.35 
1	31536	1153	615	16325	11227	19.35 
1	31588	1154	614	16310	11217	19.35 
1	31640	1156	612	16311	11212	19.14 
1	31693	1154	608	16316	11221	19.21 
1	31746	1151	609	16287	11201	19.28 
1	31798	1154	614	16332	11229	19.42 
1	31851	1155	613	16319	11225	19.35 
1	31903	1155	613	16326	11233	19.28 
1	31955	1155	613	16323	11231	19.14 
1	32008	1153	613	16328	11232	19.14 
1	32061	1154	612	16319	11222	19.07 
1	32113	1153	608	16282	11198	19.28 
1	32165	1152	609	16278	11197	19.21 
1	32218	1155	613	16322	11227	19.21 
1	32271	1155	613	16330	11228	19.21 
1	32323	1155	613	16332	11228	18.93 
1	32375	1156	612	16336	11237	19.00 
1	32428	1156	612	16339	11235	19.14 
1	32481	1155	613	16329	11229	17.51 
1	32533	1156	612	16331	11232	14.32 
1	32585	1154	614	16330	11232	10.63 
1	32638	1154	612	16330	11234	7.94 
1	32691	1156	612	16323	11228	5.74 
1	32743	1156	612	16332	11237	4.25 
1	32795	1154	612	16331	11233	2.98 
1	32847	1155	613	16333	11236	2.06 
1	32901	1155	613	16336	11238	1.84 
1	32953	1155	613	16335	11238	1.84 
1	33005	1156	612	16338	11233	1.84 
1	33057	1154	610	16320	11225	1.84 
1	33110	1153	609	16285	11198	1.84 
1	33163	1154	610	16288	11196	1.84 
1	33215	1152	612	16298	11211	1.84 
1	33267	1156	612	16333	11236	1.84 
1	33319	1156	612	16345	11242	1.84 
1	33373	1156	612	16339	11237	1.84 
1	33425	1156	612	16342	11242	1.84 
1	33477	1154	612	16337	11239	1.98 
1	33529	1156	610	16332	11232	1.84 
1	33582	1156	612	16338	11243	1.84 
1	33635	1156	612	16347	11243	1.70 
1	33687	1156	612	16341	11236	4.89 
1	33739	1155	613	16331	11234	10.92 
1	33792	1157	611	16334	11235	13.68 
1	33845	1156	612	16333	11238	16.16 
1	33897	1157	611	16341	11238	17.86 
1	33949	1155	613	16347	11245	19.00 
1	34001	1157	611	16340	11236	19.49 
1	34055	1155	613	16340	11239	19.71 
1	34107	1154	611	16296	11207	19.92 
1	34159	1155	612	16303	11210	20.06 
1	34211	1155	613	16305	11212	20.20 
1	34265	1156	612	16340	11230	20.13 
1	34317	1157	611	16334	11232	20.20 
1	34369	1154	612	16330	11229	20.27 
1	34421	1157	611	16348	11238	20.13 
1	34475	1152	613	16306	11216	19.99 
1	34527	1156	612	16324	11221	20.13 
1	34579	1158	610	16345	11239	20.20 
1	34632	1159	613	16370	11259	20.49 
1	34684	1161	610	16366	11251	20.20 
1	34737	1156	611	16342	11239	20.06 
1	34789	1158	611	16347	11235	19.71 
1	34842	1158	610	16365	11253	20.06 
1	34894	1156	612	16350	11247	20.20 
1	34947	1157	611	16346	11242	20.13 
1	34999	1157	611	16350	11244	20.13 
1	35052	1157	611	16356	11245	20.13 
1	35104	1155	613	16315	11225	20.06 
1	35156	1155	613	16316	11220	19.99 
1	35209	1157	612	16359	11259	19.85 
1	35262	1158	610	16364	11254	20.06 
1	35314	1157	611	16361	11252	20.27 
1	35366	1157	611	16366	11253	20.27 
1	35420	1156	611	16332	11232	20.06 
1	35472	1156	612	16338	11242	17.01 
1	35524	1157	611	16324	11227	13.04 
1	35576	1153	615	16355	11244	10.00 
1	35630	1158	610	16357	11242	7.44 
1	35682	1156	611	16363	11251	5.39 
1	35734	1158	611	16342	11236	3.76 
1	35786	1158	610	16329	11232	2.76 
1	35838	1154	612	16314	11216	2.06 
1	35892	1158	612	16349	11240	1.91 
1	35944	1158	611	16345	11238	1.91 
1	35996	1158	611	16349	11242	1.84 
1	36048	1158	612	16336	11237	1.77 
1	36102	1155	613	16318	11225	1.84 
1	36154	1158	610	16355	11247	1.84 
1	36206	1159	611	16338	11230	1.77 
1	36258	1158	612	16353	11244	1.84 
1	36311	1158	611	16361	11251	1.84 
1	36364	1158	611	16358	11252	9.14 
1	36416	1155	611	16352	11241	13.26 
1	36468	1158	611	16347	11243	15.74 
1	36520	1158	611	16349	11242	17.86 
1	36574	1158	611	16357	11252	18.86 
1	36626	1158	612	16353	11246	19.35 
1	36678	1158	612	16346	11240	19.71 
1	36730	1157	612	16353	11242	19.85 
1	36784	1158	610	16365	11248	20.13 
1	36836	1158	611	16355	11254	20.20 
1	36888	1158	611	16358	11250	20.27 
1	36941	1158	611	16356	11248	20.13 
1	36994	1158	611	16349	11241	20.13 
1	37046	1158	611	16348	11242	19.99 
1	37098	1158	611	16344	11239	19.99 
1	37151	1154	613	16304	11219	20.20 
1	37203	1155	613	16311	11218	20.27 
1	37256	1156	611	16364	11247	20.27 
1	37308	1158	611	16353	11247	19.99 
1	37361	1159	611	16351	11242	19.92 
1	37413	1156	611	16347	11241	19.99 
1	37466	1158	611	16353	11244	20.27 
1	37519	1159	611	16361	11252	20.20 
1	37571	1157	611	16348	11247	20.27 
1	37623	1158	611	16351	11245	20.20 
1	37676	1155	612	16342	11238	20.20 
1	37729	1153	613	16322	11219	19.99 
1	37781	1158	611	16354	11244	20.06 
1	37833	1158	611	16352	11241	20.13 
1	37885	1155	613	16355	11249	20.27 
1	37939	1158	611	16347	11243	20.27 
1	37991	1156	611	16357	11245	20.13 
1	38043	1158	611	16349	11255	20.06 
1	38095	1153	613	16324	11230	20.06 
1	38149	1152	612	16310	11222	20.20 
1	38201	1157	611	16342	11238	20.27 
1	38253	1157	611	16348	11248	20.20 
1	38306	1157	611	16350	11249	19.71 
1	38359	1157	611	16342	11243	16.38 
1	38411	1158	610	16357	11251	12.41 
1	38463	1158	610	16353	11247	9.36 
1	38516	1157	611	16365	11255	6.88 
1	38568	1155	613	16331	11230	5.03 
1	38621	1157	611	16359	11250	3.76 
1	38673	1158	612	16347	11242	2.69 
1	38725	1156	612	16357	11244	1.98 
1	38778	1157	611	16358	11250	1.84 
1	38831	1156	611	16358	11251	1.91 
1	38883	1158	611	16355	11254	1.77 
1	38935	1158	611	16356	11248	1.84 
1	38987	1156	613	16359	11252	1.91 
1	39041	1155	613	16349	11241	1.84 
1	39093	1155	613	16347	11239	1.84 
1	39145	1155	613	16311	11216	1.91 
1	39197	1157	611	16335	11230	1.84 
1	39250	1156	612	16353	11242	1.84 
1	39303	1158	611	16346	11238	1.77 
1	39355	1158	612	16371	11260	1.84 
1	39407	1158	611	16360	11254	1.91 
1	39459	1158	612	16357	11242	1.84 
1	39513	1158	611	16350	11250	1.84 
1	39565	1156	611	16356	11254	1.91 
1	39617	1158	612	16370	11259	1.84 
1	39669	1158	612	16351	11241	1.91 
1	39723	1158	611	16349	11237	1.91 
1	39775	1157	612	16356	11253	1.84 
1	39827	1158	611	16360	11250	1.84 
1	39879	1155	611	16365	11253	1.91 
1	39931	1154	612	16314	11218	1.91 
1	39985	1158	611	16338	11237	1.77 
1	40037	1158	611	16354	11247	1.84 
1	40089	1158	611	16348	11237	1.84 
1	40141	1155	613	16333	11232	1.77 
1	40194	1155	613	16308	11216	1.84 
1	40247	1155	613	16329	11227	1.84 
1	40299	1156	611	16356	11255	1.84 
1	40351	1158	612	16355	11243	1.84 
1	40403	1158	611	16357	11241	1.84 
1	40457	1156	610	16352	11248	1.84 
1	40509	1158	612	16354	11242	1.77 
1	40561	1156	612	16317	11226	1.84 
1	40613	1158	611	16346	11239	1.91 
1	40666	1157	612	16351	11238	1.84 
1	40719	1157	611	16354	11248	1.84 
1	40771	1157	611	16355	11244	1.84 
1	40823	1157	611	16356	11248	1.84 
1	40876	1158	611	16348	11241	1.91 
1	40928	1157	612	16357	11244	1.91 
1	40981	1158	612	16349	11240	1.84 
1	41033	1158	611	16360	11253	1.84 
1	41085	1155	611	16357	11245	1.84 
1	41138	1155	612	16340	11239	1.84 
1	41191	1155	612	16325	11222	1.84 
1	41243	1154	614	16333	11230	1.84 
1	41295	1158	612	16350	11244	1.91 
1	41348	1157	611	16349	11241	1.91 
1	41400	1158	611	16356	11249	1.91 
1	41453	1157	611	16350	11243	1.84 
1	41505	1155	613	16351	11238	1.84 
1	41558	1158	612	16348	11242	1.84 
1	41610	1157	611	16340	11236	1.91 
1	41662	1158	611	16345	11235	1.77 
1	41715	1157	611	16356	11248	1.84 
1	41767	1158	611	16345	11236	1.84 
1	41820	1158	610	16349	11245	1.84 
1	41872	1158	610	16344	11237	1.84 
1	41925	1157	611	16339	11234	1.84 
1	41977	1157	611	16342	11238	1.98 
1	42030	1157	611	16350	11240	1.84 
1	42082	1156	613	16353	11238	1.84 
1	42134	1152	614	16311	11214	1.84 
1	42187	1155	613	16316	11219	1.84 
1	42240	1155	613	16332	11231	1.91 
1	42292	1155	611	16345	11238	1.84 
1	42344	1157	611	16347	11241	1.84 
1	42396	1157	611	16344	11239	1.84 
1	42449	1157	611	16355	11245	1.84 
