1	1206518	399	212	12084	8242	19.57 
1	1206571	401	209	12099	8252	19.07 
1	1206623	400	209	12118	8273	18.64 
1	1206676	401	212	12153	8291	18.50 
1	1206728	401	210	12161	8302	18.57 
1	1206780	401	211	12174	8310	18.79 
1	1206833	402	213	12200	8326	18.86 
1	1206886	404	212	12240	8353	18.57 
1	1206938	406	214	12295	8390	18.15 
1	1206990	405	213	12287	8387	17.79 
1	1207044	405	212	12286	8380	17.72 
1	1207096	405	212	12284	8377	17.93 
1	1207148	405	213	12288	8383	18.15 
1	1207200	406	213	12284	8376	18.22 
1	1207254	405	213	12279	8377	17.93 
1	1207306	405	214	12288	8380	17.51 
1	1207358	406	212	12288	8390	17.23 
1	1207410	405	213	12274	8374	17.23 
1	1207463	406	215	12260	8365	17.51 
1	1207516	408	215	12330	8417	17.72 
1	1207568	409	217	12343	8426	17.65 
1	1207620	410	216	12350	8430	17.37 
1	1207673	408	215	12331	8421	16.87 
1	1207726	405	214	12132	8282	16.66 
1	1207778	404	212	12337	8424	16.73 
1	1207831	414	215	12465	8514	16.94 
1	1207883	418	219	12546	8577	17.08 
1	1207936	423	223	12771	8728	17.01 
1	1207988	422	221	12709	8688	16.73 
1	1208041	423	221	12758	8730	16.30 
1	1208093	425	224	12893	8825	16.09 
1	1208145	426	224	13046	8934	16.23 
1	1208198	422	221	13022	8913	16.52 
1	1208251	419	219	12955	8871	16.66 
1	1208303	414	214	12824	8771	16.52 
1	1208355	406	215	12737	8714	16.16 
1	1208408	401	210	12637	8645	15.81 
1	1208461	396	210	12571	8594	15.67 
1	1208513	396	210	12603	8608	15.88 
1	1208565	397	210	12746	8726	16.16 
1	1208617	404	212	12843	8791	16.30 
1	1208671	405	213	12864	8801	16.09 
1	1208723	421	220	13004	8903	15.74 
1	1208775	429	225	13419	9201	15.45 
1	1208828	430	225	13395	9179	15.38 
1	1208881	434	229	13579	9311	15.67 
1	1208933	435	230	13596	9322	15.95 
1	1208985	435	230	13481	9236	16.02 
1	1209038	437	228	13454	9218	15.81 
1	1209091	434	229	13228	9050	15.45 
1	1209143	433	226	13104	8955	15.17 
1	1209195	434	228	13001	8877	15.24 
1	1209248	433	228	12885	8793	15.38 
1	1209300	432	225	12883	8786	15.60 
1	1209353	432	228	12886	8788	15.60 
1	1209405	432	225	12905	8804	15.31 
1	1209458	432	225	12836	8755	14.96 
1	1209510	434	231	12869	8777	14.74 
1	1209563	436	231	12771	8713	14.82 
1	1209616	438	229	12824	8754	15.17 
1	1209668	439	230	12838	8761	15.45 
1	1209720	440	229	12979	8858	15.45 
1	1209773	434	229	12929	8832	15.10 
1	1209826	423	223	12420	8468	14.74 
1	1209878	421	220	12273	8365	14.74 
1	1209930	423	221	12328	8403	15.03 
1	1209982	417	221	12371	8435	15.38 
1	1210036	414	223	12001	8179	15.52 
1	1210088	418	221	12134	8277	15.52 
1	1210140	423	221	12360	8436	15.31 
1	1210192	421	220	12443	8492	15.10 
1	1210246	424	222	12610	8607	15.10 
1	1210298	431	225	13015	8899	14.82 
1	1210350	434	226	13281	9084	14.39 
1	1210403	427	223	13089	8952	14.74 
1	1210456	426	223	12990	8882	14.53 
1	1210508	427	222	12832	8771	14.53 
1	1210560	409	215	12324	8410	14.39 
1	1210613	406	213	12013	8187	14.39 
1	1210665	407	214	11901	8109	14.89 
1	1210718	407	215	11843	8079	15.45 
1	1210770	410	214	11761	8029	16.73 
1	1210823	414	216	12061	8236	19.00 
1	1210875	414	217	12314	8408	18.29 
1	1210928	410	214	12460	8516	16.45 
1	1210980	401	211	12136	8285	15.81 
1	1211033	395	209	11628	7933	15.60 
1	1211085	402	212	11989	8181	15.45 
1	1211138	392	207	12037	8225	15.24 
1	1211190	395	209	11869	8110	15.17 
1	1211243	399	208	12304	8417	15.10 
1	1211295	396	209	12165	8322	15.10 
1	1211347	398	211	12244	8381	15.38 
1	1211401	392	206	12108	8263	15.45 
1	1211453	384	200	11554	7865	15.74 
1	1211505	370	193	11022	7495	15.74 
1	1211557	374	198	11159	7598	15.24 
1	1211611	384	199	11507	7849	15.17 
1	1211663	386	202	11641	7948	15.24 
1	1211715	391	204	11714	7996	15.17 
1	1211767	387	204	11782	8052	15.17 
1	1211821	388	204	11382	7766	15.38 
1	1211873	387	203	11616	7930	15.52 
1	1211925	391	208	11655	7948	15.31 
1	1211977	405	212	11743	8008	14.82 
1	1212030	415	225	12661	8648	14.60 
1	1212083	420	220	12313	8404	14.46 
1	1212135	421	220	12484	8509	14.39 
1	1212188	427	225	12615	8597	14.25 
1	1212240	433	226	12524	8540	14.11 
1	1212293	432	225	12676	8642	13.89 
1	1212345	434	233	12798	8728	13.61 
1	1212398	444	230	12942	8827	13.47 
1	1212450	446	232	13042	8896	13.68 
1	1212503	446	233	12695	8648	13.97 
1	1212556	441	230	12752	8693	14.11 
1	1212608	444	232	12793	8722	13.89 
1	1212660	444	228	12780	8708	13.61 
1	1212712	444	228	12512	8522	13.33 
1	1212766	435	232	12115	8240	13.33 
1	1212818	439	228	12060	8200	13.61 
1	1212870	437	228	11939	8109	13.89 
1	1212922	432	225	11771	7999	14.04 
1	1212976	435	230	11748	7978	13.82 
1	1213028	434	226	11743	7976	13.47 
1	1213080	438	228	11845	8040	13.26 
1	1213133	451	237	11775	7994	13.33 
1	1213186	452	235	11605	7861	13.75 
1	1213238	436	231	11244	7614	14.11 
1	1213290	434	229	11213	7598	14.18 
1	1213343	435	230	11196	7581	13.89 
1	1213395	434	226	11155	7559	13.61 
1	1213448	435	226	11147	7556	13.47 
1	1213500	436	229	11197	7591	13.68 
1	1213553	438	227	11246	7633	14.04 
1	1213605	439	228	11275	7649	14.32 
1	1213658	437	228	11252	7637	14.25 
1	1213711	418	218	11064	7505	13.97 
1	1213763	387	203	11010	7482	13.61 
1	1213815	335	174	11052	7499	13.54 
1	1213868	238	123	11273	7653	13.75 
1	1213921	186	98	11240	7624	14.11 
1	1213973	190	99	11281	7662	14.32 
1	1214025	277	147	11350	7711	14.18 
1	1214077	392	204	11396	7741	13.89 
1	1214131	415	218	11597	7882	13.61 
1	1214183	393	204	11650	7912	13.54 
1	1214235	236	121	11546	7850	13.75 
1	1214287	138	72	11613	7894	14.11 
1	1214341	110	61	11575	7860	14.32 
1	1214393	104	54	11709	7951	14.18 
1	1214445	101	53	11711	7959	13.82 
1	1214497	101	52	11833	8046	13.61 
1	1214551	115	59	11843	8050	13.61 
1	1214603	236	127	12023	8178	13.89 
1	1214655	354	186	12157	8272	14.25 
1	1214707	384	200	12143	8262	14.39 
1	1214760	399	209	12163	8278	14.25 
1	1214813	411	214	12169	8283	13.97 
1	1214865	419	220	12152	8269	13.68 
1	1214917	430	224	12207	8303	13.68 
1	1214970	435	231	12119	8238	14.04 
1	1215023	437	230	12008	8169	14.39 
1	1215075	440	229	11950	8126	14.53 
1	1215128	444	230	11958	8131	14.32 
1	1215180	446	233	11972	8144	13.97 
1	1215233	433	226	11985	8145	13.68 
1	1215285	315	166	11963	8134	13.89 
1	1215338	241	128	11933	8114	14.25 
1	1215390	158	81	11888	8081	14.60 
1	1215442	113	59	11772	7998	14.67 
1	1215495	106	54	11738	7980	14.39 
1	1215548	147	81	11762	7992	14.11 
1	1215600	304	160	11830	8040	13.97 
1	1215652	384	201	11860	8067	14.04 
1	1215705	401	210	11829	8038	14.39 
1	1215758	410	217	11817	8031	14.67 
1	1215810	379	199	11804	8028	14.67 
1	1215862	418	218	11771	7996	14.39 
1	1215915	425	222	11772	8001	14.11 
1	1215968	430	225	11773	7998	13.97 
1	1216020	363	188	11772	7996	14.18 
1	1216072	238	125	11726	7974	14.53 
1	1216125	128	67	11684	7941	14.82 
1	1216178	103	53	11641	7904	14.74 
1	1216230	102	53	11468	7787	14.46 
1	1216282	108	56	11551	7849	14.11 
1	1216334	149	82	11566	7858	14.04 
1	1216388	311	164	11552	7846	14.25 
1	1216440	384	202	11748	7982	14.60 
1	1216492	429	223	11876	8075	14.74 
1	1216544	436	229	12101	8230	14.67 
1	1216598	443	228	12206	8302	14.32 
1	1216650	446	232	12277	8358	14.04 
1	1216702	448	235	12371	8414	14.04 
1	1216755	450	234	12417	8456	14.32 
1	1216807	453	235	12535	8537	14.60 
1	1216860	456	240	12543	8541	14.74 
1	1216912	460	242	12667	8633	14.60 
1	1216965	467	243	12894	8791	14.25 
1	1217017	474	244	12831	8742	13.89 
1	1217070	472	248	12401	8436	14.04 
1	1217122	472	249	12007	8163	14.32 
1	1217175	474	244	11765	8000	14.67 
1	1217227	468	245	11631	7904	14.74 
1	1217280	467	245	11850	8058	14.53 
1	1217333	470	245	12121	8250	14.18 
1	1217385	473	243	12150	8270	13.89 
1	1217437	470	245	12178	8290	13.97 
1	1217489	465	243	12120	8248	14.32 
1	1217543	454	240	11803	8026	14.67 
1	1217595	447	233	11531	7832	14.67 
1	1217647	445	233	11482	7793	14.46 
1	1217699	446	234	11564	7857	14.04 
1	1217753	446	235	11762	7993	13.89 
1	1217805	449	236	11911	8094	14.18 
1	1217857	451	234	12004	8159	14.60 
1	1217910	458	239	12269	8343	14.89 
1	1217963	462	240	12303	8367	14.89 
1	1218015	460	241	12060	8201	14.60 
1	1218067	460	239	12028	8179	14.25 
1	1218120	460	239	12026	8181	14.04 
1	1218172	459	238	11796	8023	14.32 
1	1218225	457	240	11733	7976	14.67 
1	1218277	457	238	11591	7883	14.96 
1	1218330	456	238	11303	7672	14.89 
1	1218382	451	235	10690	7247	14.53 
1	1218435	449	234	9946	6732	14.18 
1	1218487	444	230	8640	5837	14.25 
1	1218540	438	227	6982	4703	14.46 
1	1218592	432	225	4780	3207	14.74 
1	1218644	428	223	3537	2368	14.89 
1	1218697	426	221	2762	1844	14.74 
1	1218750	424	223	2455	1639	14.46 
1	1218802	425	222	2347	1568	14.18 
1	1218854	428	224	2615	1747	14.11 
1	1218907	439	229	6849	4620	14.39 
1	1218960	448	233	10611	7202	14.74 
1	1219012	451	234	11101	7538	14.89 
1	1219064	450	236	11260	7649	14.67 
1	1219117	452	235	11369	7721	14.39 
1	1219170	453	236	11420	7756	14.04 
1	1219222	453	236	11486	7806	14.11 
1	1219274	453	236	11519	7827	14.39 
1	1219326	453	236	11574	7867	14.67 
1	1219380	454	238	11632	7906	14.82 
1	1219432	454	238	11682	7944	14.60 
1	1219484	448	237	10719	7275	14.25 
1	1219536	446	232	9449	6398	13.97 
1	1219590	440	229	7360	4963	14.18 
1	1219642	434	225	4920	3302	14.46 
1	1219694	431	224	3409	2280	14.74 
1	1219746	428	222	2510	1676	14.74 
1	1219800	426	224	2161	1441	14.53 
1	1219852	425	223	1923	1287	14.18 
1	1219904	423	222	1588	1057	13.97 
1	1219956	423	222	1357	902	14.11 
1	1220008	425	223	1404	934	14.39 
1	1220062	434	231	3108	2081	14.74 
1	1220114	453	235	10014	6790	14.74 
1	1220166	455	241	10808	7333	14.46 
1	1220218	457	239	11152	7577	14.18 
1	1220272	457	238	11323	7694	13.97 
1	1220324	458	238	11426	7763	14.11 
1	1220376	459	238	11550	7850	14.46 
1	1220429	459	240	11655	7920	14.67 
1	1220482	459	241	11709	7959	14.67 
1	1220534	461	240	11790	8016	14.39 
1	1220586	463	242	11806	8030	14.04 
1	1220639	463	241	11884	8086	13.97 
1	1220691	464	242	11931	8117	14.18 
1	1220744	466	242	12012	8170	14.53 
1	1220796	467	245	12065	8211	14.74 
1	1220849	465	245	12109	8239	14.67 
1	1220901	465	246	12111	8245	14.32 
1	1220954	468	243	12157	8274	14.04 
1	1221006	468	244	12184	8299	13.97 
1	1221059	469	244	12223	8314	14.25 
1	1221111	469	244	12250	8337	14.53 
1	1221164	468	244	12240	8332	14.74 
1	1221217	467	246	12015	8175	14.60 
1	1221269	465	241	11532	7841	14.32 
1	1221321	461	241	10601	7192	14.04 
1	1221373	454	239	7825	5272	14.04 
1	1221427	441	229	5195	3488	14.32 
1	1221479	437	228	3345	2238	14.67 
1	1221531	437	228	2544	1700	14.82 
1	1221583	436	231	2387	1591	14.67 
1	1221637	435	228	2046	1374	14.32 
1	1221689	434	226	1958	1300	14.04 
1	1221741	444	230	2101	1405	14.04 
1	1221793	459	238	4935	3319	14.25 
1	1221846	462	243	10580	7177	14.60 
1	1221899	463	241	11219	7621	14.74 
1	1221951	466	242	11488	7801	14.60 
1	1222003	467	243	11684	7943	14.25 
1	1222055	467	243	11855	8066	13.97 
1	1222109	467	243	11927	8111	14.04 
1	1222161	465	245	11996	8155	14.39 
1	1222213	466	246	12039	8190	14.67 
1	1222266	468	246	12027	8185	14.74 
1	1222319	466	247	12031	8188	14.53 
1	1222371	467	244	12081	8221	14.18 
1	1222423	468	244	12114	8240	13.97 
1	1222476	467	246	12119	8246	14.11 
1	1222529	468	246	12163	8278	14.46 
1	1222581	470	246	12196	8299	14.74 
1	1222633	472	249	12330	8396	14.74 
1	1222686	472	251	12379	8428	14.46 
1	1222738	475	250	12376	8419	14.11 
1	1222791	472	253	12065	8204	13.97 
1	1222844	471	246	11304	7678	14.18 
1	1222896	468	244	11032	7488	14.53 
1	1222948	461	240	8862	5995	14.74 
1	1223001	450	234	5689	3822	14.74 
1	1223054	439	230	3803	2546	14.39 
1	1223106	435	230	3304	2219	14.04 
1	1223158	437	228	3530	2363	13.97 
1	1223211	444	231	6140	4127	14.11 
1	1223263	457	242	11261	7648	14.53 
1	1223316	468	245	11720	7975	14.74 
1	1223368	468	244	11918	8111	14.67 
1	1223420	473	245	12057	8201	14.39 
1	1223474	474	243	12150	8266	14.04 
1	1223526	472	246	12199	8308	14.04 
1	1223578	474	244	12247	8342	14.25 
1	1223630	472	246	12264	8350	14.60 
1	1223684	472	250	12279	8362	14.74 
1	1223736	472	246	12285	8363	14.60 
1	1223788	468	245	11883	8083	14.32 
1	1223840	464	242	11268	7662	14.04 
1	1223894	458	238	10063	6815	14.04 
1	1223946	449	234	7907	5340	14.32 
1	1223998	444	228	6591	4432	14.60 
1	1224050	444	227	6366	4288	14.74 
1	1224103	444	229	6338	4264	14.60 
1	1224156	444	227	5939	3994	14.25 
1	1224208	444	228	5516	3701	13.97 
1	1224260	444	229	5546	3728	14.04 
1	1224313	447	233	8657	5851	14.25 
1	1224366	461	242	11545	7849	14.60 
1	1224418	464	242	11763	8003	14.74 
1	1224470	466	245	11896	8090	14.46 
1	1224523	467	243	12022	8177	14.18 
1	1224576	467	244	12074	8212	13.97 
1	1224628	467	245	12113	8239	14.04 
1	1224680	465	246	12144	8260	14.32 
1	1224733	465	245	12153	8271	14.60 
1	1224785	465	242	11994	8160	14.67 
1	1224838	459	240	10637	7211	14.46 
1	1224890	454	240	9623	6519	14.11 
1	1224943	448	233	7339	4950	13.89 
1	1224995	440	229	4891	3284	14.04 
1	1225048	437	230	3888	2605	14.32 
1	1225100	436	231	3360	2252	14.60 
1	1225153	440	229	4221	2830	14.74 
1	1225205	452	242	8396	5678	14.39 
1	1225257	463	241	11388	7739	14.04 
1	1225310	462	244	11654	7924	13.89 
1	1225363	463	244	11810	8037	14.04 
1	1225415	465	245	11926	8111	14.39 
1	1225467	467	246	11996	8160	14.67 
1	1225520	467	243	12048	8193	14.67 
1	1225573	467	244	12058	8205	14.39 
1	1225625	466	242	12058	8208	14.04 
1	1225677	466	243	12070	8214	13.89 
1	1225730	465	243	12077	8217	14.11 
1	1225783	464	242	12041	8186	14.46 
1	1225835	462	241	11291	7669	14.67 
1	1225887	460	241	10747	7293	14.60 
1	1225940	453	235	8324	5619	14.25 
1	1225993	449	234	6032	4055	13.97 
1	1226045	453	236	6204	4174	13.89 
1	1226097	460	240	8571	5790	14.11 
1	1226149	464	242	11340	7705	14.46 
1	1226203	465	242	11728	7981	14.67 
1	1226255	465	245	11898	8091	14.60 
1	1226307	466	242	11980	8148	14.25 
1	1226360	467	243	12053	8199	13.97 
1	1226413	467	244	12095	8233	13.97 
1	1226465	468	243	12116	8246	14.18 
1	1226517	468	246	12155	8270	14.53 
1	1226570	469	244	12193	8301	14.67 
1	1226622	469	243	12203	8302	14.53 
1	1226675	468	244	12214	8313	14.18 
1	1226727	466	246	12219	8312	13.89 
1	1226780	468	243	12238	8333	13.97 
1	1226832	466	245	12256	8337	14.25 
1	1226885	469	246	12287	8366	14.53 
1	1226938	469	244	12304	8373	14.67 
1	1226990	469	244	12302	8374	14.46 
1	1227042	470	245	12319	8384	14.11 
1	1227095	470	247	12353	8412	13.89 
1	1227148	474	243	12414	8450	13.97 
1	1227200	472	246	12365	8417	14.32 
1	1227252	472	243	12308	8381	14.60 
1	1227304	469	245	12292	8367	14.67 
1	1227358	468	244	12305	8370	14.46 
1	1227410	469	244	12308	8376	14.04 
1	1227462	466	242	12240	8335	13.82 
1	1227515	465	245	12234	8334	14.04 
1	1227568	465	245	12274	8354	14.39 
1	1227620	466	242	12225	8326	14.67 
1	1227672	467	244	12283	8358	14.60 
1	1227725	464	245	12247	8338	14.32 
1	1227778	468	244	12307	8381	14.04 
1	1227830	470	244	12321	8392	13.89 
1	1227882	467	246	12293	8370	14.11 
1	1227935	468	244	12281	8352	14.46 
1	1227987	468	244	12283	8357	14.67 
1	1228040	467	247	12310	8378	14.60 
1	1228093	470	246	12350	8406	14.25 
1	1228145	473	243	12387	8430	13.97 
1	1228197	472	245	12404	8446	13.97 
1	1228250	474	244	12466	8488	14.18 
1	1228303	472	251	12515	8520	14.60 
1	1228355	474	249	12578	8564	14.67 
1	1228407	474	250	12587	8573	14.60 
1	1228461	473	252	12558	8556	14.25 
1	1228513	475	248	12511	8520	13.97 
1	1228565	475	248	12473	8491	13.97 
1	1228617	472	251	12427	8460	14.25 
1	1228670	472	251	12397	8440	14.60 
1	1228723	474	249	12423	8458	14.67 
1	1228775	474	249	12471	8492	14.60 
1	1228827	472	251	12491	8507	14.18 
1	1228880	475	248	12489	8508	13.97 
1	1228933	475	248	12499	8511	14.04 
1	1228985	475	248	12477	8496	14.32 
1	1229038	475	248	12463	8487	14.60 
1	1229090	475	248	12440	8465	14.74 
1	1229143	475	248	12448	8472	14.46 
1	1229195	475	248	12427	8463	14.11 
1	1229248	475	248	12427	8466	13.97 
1	1229300	476	248	12437	8469	14.11 
1	1229352	474	252	12471	8495	14.46 
1	1229405	474	250	12486	8506	14.67 
1	1229458	476	247	12487	8506	14.67 
1	1229510	476	248	12509	8523	14.46 
1	1229562	477	248	12522	8528	14.11 
1	1229616	475	250	12526	8535	13.89 
1	1229668	476	247	12476	8500	14.11 
1	1229720	476	248	12476	8495	14.46 
1	1229772	474	249	12455	8487	14.74 
1	1229826	473	250	12446	8471	14.67 
1	1229878	474	249	12438	8464	14.39 
1	1229930	475	248	12440	8469	14.04 
1	1229982	474	247	12401	8437	13.97 
1	1230035	474	243	12027	8182	14.18 
1	1230088	469	244	11868	8065	14.53 
1	1230140	466	246	11816	8039	14.74 
1	1230192	468	244	11943	8125	14.60 
1	1230245	470	247	12268	8349	14.32 
1	1230298	470	248	12398	8438	14.04 
1	1230350	474	251	12506	8520	13.97 
1	1230403	475	248	12554	8556	14.18 
1	1230455	475	248	12590	8575	14.53 
1	1230508	476	247	12596	8576	14.67 
1	1230560	476	247	12636	8611	14.53 
1	1230613	474	251	12637	8611	14.25 
1	1230665	476	248	12637	8610	13.97 
1	1230717	474	251	12630	8606	13.97 
1	1230770	477	250	12634	8613	14.25 
1	1230823	477	250	12625	8604	14.60 
1	1230875	475	250	12620	8600	14.74 
1	1230927	477	247	12654	8621	14.53 
1	1230981	475	250	12689	8646	14.25 
1	1231033	475	250	12690	8651	14.04 
1	1231085	475	250	12681	8643	14.04 
1	1231137	474	250	12659	8622	14.39 
1	1231191	476	248	12635	8614	14.60 
1	1231243	477	249	12702	8659	14.74 
1	1231295	478	249	12746	8684	14.53 
1	1231347	475	248	12775	8711	14.11 
1	1231400	474	243	12688	8646	13.97 
1	1231453	469	245	12564	8561	14.11 
1	1231505	471	245	12521	8527	14.39 
1	1231558	474	242	12536	8539	14.67 
1	1231610	468	247	12600	8586	14.74 
1	1231663	468	244	12592	8579	14.46 
1	1231715	474	243	11951	8129	14.11 
1	1231768	474	245	12008	8177	13.97 
1	1231820	472	245	12353	8417	14.11 
1	1231873	471	245	12219	8318	14.39 
1	1231926	467	246	12042	8199	14.74 
1	1231978	468	248	12240	8338	14.67 
1	1232030	474	243	12016	8181	14.39 
1	1232082	470	245	9935	6730	14.04 
1	1232136	462	241	6305	4242	13.97 
1	1232188	453	236	2827	1889	14.18 
1	1232240	438	228	1462	975	14.53 
1	1232292	430	226	1195	801	14.74 
1	1232345	427	225	1121	757	14.60 
1	1232397	433	225	1672	1118	14.32 
1	1232450	458	240	9313	6310	14.04 
1	1232502	466	244	11181	7595	13.89 
1	1232555	466	245	11473	7801	14.18 
1	1232607	468	243	11682	7946	14.46 
1	1232660	465	245	11789	8023	14.74 
1	1232712	467	245	11845	8059	14.60 
1	1232764	464	245	11892	8094	14.25 
1	1232818	466	243	11951	8133	13.97 
1	1232870	467	245	12001	8162	13.97 
1	1232922	467	242	12019	8184	14.18 
1	1232974	467	244	12037	8186	14.53 
1	1233028	464	247	12008	8176	14.74 
1	1233080	465	244	11912	8103	14.60 
1	1233132	464	241	11774	8001	14.25 
1	1233184	464	243	11838	8052	14.04 
1	1233238	463	244	11918	8107	14.04 
1	1233290	464	244	12014	8176	14.32 
1	1233342	463	244	11892	8091	14.60 
1	1233395	465	242	11766	8005	14.74 
1	1233447	464	241	11521	7830	14.60 
1	1233500	461	242	11246	7646	14.25 
1	1233552	461	241	10891	7397	13.97 
1	1233605	461	240	10571	7172	13.97 
1	1233657	460	239	10279	6972	14.39 
1	1233710	460	239	10164	6890	14.74 
1	1233762	459	238	9989	6774	14.74 
1	1233815	455	241	9841	6668	14.53 
1	1233867	458	240	9674	6547	14.25 
1	1233920	457	238	9450	6398	13.97 
1	1233972	457	238	9259	6270	14.11 
1	1234025	457	238	9172	6204	14.39 
1	1234077	456	238	9066	6137	14.67 
1	1234129	456	238	8919	6035	14.74 
1	1234182	456	240	8797	5951	14.53 
1	1234234	456	240	8586	5809	14.18 
1	1234287	455	239	8474	5725	14.04 
1	1234339	453	241	8372	5653	14.11 
1	1234392	454	242	8238	5568	14.39 
1	1234444	454	240	8129	5494	14.67 
1	1234497	454	240	8017	5412	14.74 
1	1234549	452	242	7918	5348	14.53 
1	1234601	454	242	7911	5338	14.18 
1	1234654	457	241	8588	5802	13.97 
1	1234706	467	244	10874	7383	14.11 
1	1234759	467	245	11759	7995	14.46 
1	1234811	469	244	11905	8100	14.67 
1	1234864	468	244	11963	8139	14.74 
1	1234916	467	246	12001	8168	14.53 
1	1234969	467	246	12046	8198	14.18 
1	1235021	467	246	12101	8233	14.04 
1	1235074	468	246	12133	8263	14.18 
1	1235127	468	244	12041	8193	14.53 
1	1235179	468	243	11899	8098	14.74 
1	1235231	466	244	11745	7990	14.74 
1	1235283	465	242	11330	7698	14.46 
1	1235337	461	240	10908	7406	14.18 
1	1235389	462	239	10637	7211	14.04 
1	1235441	459	240	10525	7138	14.25 
1	1235493	458	239	10406	7058	14.53 
1	1235547	457	238	10191	6906	14.74 
1	1235599	457	238	9920	6720	14.74 
1	1235651	456	238	9619	6508	14.46 
1	1235703	455	239	9269	6276	14.11 
1	1235757	454	236	8894	6013	14.04 
1	1235809	450	238	8583	5799	14.25 
1	1235861	451	237	8276	5588	14.60 
1	1235913	451	235	7992	5393	14.82 
1	1235966	452	236	7838	5291	14.74 
1	1236019	451	235	7747	5224	14.39 
1	1236071	451	234	7716	5207	14.11 
1	1236123	450	234	7591	5120	14.04 
1	1236175	449	234	7509	5062	14.11 
1	1236229	446	236	7385	4973	14.60 
1	1236281	447	232	7228	4871	14.82 
1	1236333	453	238	7392	4982	14.67 
1	1236385	463	244	9068	6128	14.39 
1	1236439	464	244	11395	7739	14.11 
1	1236491	466	243	11743	7987	14.04 
1	1236543	467	243	11868	8070	14.25 
1	1236595	468	244	11967	8143	14.60 
1	1236648	469	244	12059	8200	14.82 
1	1236701	467	246	12132	8258	14.67 
1	1236753	467	246	12161	8273	14.32 
1	1236805	466	243	11926	8109	14.04 
1	1236858	462	244	11365	7721	13.97 
1	1236911	461	240	10934	7423	14.32 
1	1236963	456	240	9994	6769	14.60 
1	1237015	455	239	8048	5432	14.74 
1	1237068	452	235	7272	4900	14.60 
1	1237121	449	235	6820	4591	14.32 
1	1237173	448	234	6513	4386	14.04 
1	1237225	448	235	6265	4215	14.04 
1	1237278	447	232	6046	4065	14.32 
1	1237330	446	232	5854	3936	14.67 
1	1237383	446	232	5720	3838	14.82 
1	1237435	445	231	5526	3708	14.60 
1	1237487	444	234	5353	3594	14.25 
1	1237540	444	232	5399	3624	14.04 
1	1237593	451	235	7389	4983	14.04 
1	1237645	460	243	10673	7241	14.32 
1	1237697	465	242	11511	7818	14.67 
1	1237750	466	246	11705	7952	14.82 
1	1237803	465	245	11833	8042	14.60 
1	1237855	467	244	11926	8111	14.25 
1	1237908	469	243	12008	8168	13.97 
1	1237960	468	246	12057	8204	14.04 
1	1238012	468	246	12100	8229	14.39 
1	1238065	469	244	12133	8258	14.74 
1	1238118	469	244	12156	8268	14.74 
1	1238170	469	244	12165	8275	14.53 
1	1238222	466	245	11665	7928	14.18 
1	1238275	464	242	10947	7425	13.97 
1	1238328	456	240	9851	6671	14.11 
1	1238380	454	240	8829	5967	14.46 
1	1238432	452	235	7824	5281	14.74 
1	1238484	450	236	7057	4753	14.74 
1	1238538	447	233	6465	4353	14.53 
1	1238590	447	232	6125	4121	14.18 
1	1238642	445	234	5771	3875	13.97 
1	1238694	444	231	5486	3684	14.11 
1	1238747	444	230	5148	3453	14.46 
1	1238800	442	229	4922	3295	14.74 
1	1238852	444	226	4717	3159	14.74 
1	1238904	439	229	4433	2968	14.53 
1	1238957	439	229	4338	2906	14.18 
1	1239010	444	227	4547	3043	14.04 
1	1239062	444	229	4954	3321	14.18 
1	1239114	446	233	5734	3853	14.46 
1	1239166	450	234	6471	4354	14.74 
1	1239219	456	240	9123	6173	14.74 
1	1239272	465	242	11221	7620	14.46 
1	1239324	466	243	11454	7786	14.11 
1	1239376	468	243	11632	7902	13.97 
1	1239430	469	244	11734	7980	14.11 
1	1239482	470	244	11822	8038	14.46 
1	1239534	469	245	11881	8079	14.74 
1	1239586	471	244	11915	8103	14.67 
1	1239640	470	246	11953	8132	14.46 
1	1239692	471	245	11982	8151	14.11 
1	1239744	471	244	12004	8167	13.97 
1	1239796	469	247	12041	8193	14.18 
1	1239849	472	246	12091	8227	14.53 
1	1239902	474	249	12226	8321	14.74 
1	1239954	476	253	12295	8373	14.74 
1	1240007	478	250	12347	8406	14.39 
1	1240059	481	249	12421	8458	14.18 
1	1240112	481	250	12426	8463	14.11 
1	1240164	482	251	12484	8503	14.39 
1	1240217	479	249	12556	8557	14.74 
1	1240269	477	248	12477	8503	14.89 
1	1240322	478	249	12444	8474	14.74 
1	1240374	481	250	12418	8456	14.46 
1	1240427	487	256	12667	8634	14.18 
1	1240479	494	259	13076	8917	14.18 
1	1240531	499	259	13264	9047	14.39 
1	1240585	496	260	13348	9112	14.74 
1	1240637	493	258	13371	9134	14.89 
1	1240689	484	254	13069	8920	14.67 
1	1240741	480	254	12804	8737	14.32 
1	1240795	479	252	12936	8833	14.11 
1	1240847	480	249	13087	8938	14.18 
1	1240899	475	249	13065	8922	14.46 
1	1240951	475	248	12978	8856	14.74 
1	1241005	475	250	12943	8833	14.82 
1	1241057	477	252	12956	8846	14.60 
1	1241109	483	251	12967	8839	14.25 
1	1241162	484	252	12992	8857	14.04 
1	1241214	480	251	12996	8866	14.11 
1	1241267	484	255	13089	8929	14.46 
1	1241319	485	257	13129	8963	14.74 
1	1241372	486	252	13158	8981	14.74 
1	1241424	485	251	13102	8945	14.39 
1	1241477	487	252	13078	8922	14.11 
1	1241529	486	254	13124	8958	14.04 
1	1241582	485	254	13147	8971	14.25 
1	1241634	484	255	13119	8954	14.53 
1	1241687	486	252	13121	8954	14.67 
1	1241740	486	252	13088	8928	14.60 
1	1241792	485	256	13134	8957	14.39 
1	1241844	485	255	13147	8967	13.97 
1	1241896	485	257	13114	8953	13.89 
1	1241950	485	255	13102	8942	14.04 
1	1242002	484	257	13066	8913	14.53 
1	1242054	483	254	13094	8938	14.82 
1	1242106	483	254	13102	8939	14.96 
1	1242160	484	253	13099	8939	15.17 
1	1242212	486	252	13072	8920	18.29 
1	1242264	483	254	13041	8893	19.07 
1	1242317	486	251	13025	8885	13.89 
1	1242370	484	254	13033	8890	13.40 
1	1242422	489	252	13093	8930	23.39 
1	1242474	486	255	13138	8963	24.03 
1	1242527	486	256	13150	8975	22.33 
1	1242579	488	253	13097	8938	22.05 
1	1242632	486	258	13121	8956	22.54 
1	1242684	487	253	13081	8927	22.54 
1	1242737	485	255	13066	8911	20.13 
1	1242789	487	252	13060	8909	47.14 
1	1242842	484	254	13013	8880	42.46 
1	1242895	483	254	13048	8902	36.15 
1	1242947	485	257	13112	8952	36.15 
1	1242999	488	252	13140	8961	41.04 
1	1243052	485	255	13137	8964	49.05 
1	1243105	486	257	13138	8962	53.45 
1	1243157	489	252	13167	8983	50.54 
1	1243209	486	255	13149	8967	6.10 
1	1243261	485	254	13134	8968	0.28 
1	1243315	487	252	13135	8967	0.00 
1	1243367	485	256	13110	8951	6.17 
1	1243419	485	257	13133	8964	13.54 
1	1243471	486	253	13145	8969	17.37 
1	1243525	486	252	13115	8949	14.53 
1	1243577	484	254	13099	8939	7.87 
1	1243629	483	254	13107	8946	2.13 
1	1243681	481	255	13047	8899	2.41 
1	1243734	481	253	13039	8891	8.72 
1	1243787	484	251	13119	8956	16.23 
1	1243839	484	250	13111	8948	18.79 
1	1243891	482	253	13166	8984	15.38 
1	1243943	482	253	13159	8982	8.01 
1	1243997	482	250	13069	8915	11.27 
1	1244049	483	250	13128	8959	11.34 
1	1244101	484	251	13162	8985	11.70 
1	1244154	485	251	13203	9018	12.05 
1	1244207	484	254	13218	9022	12.33 
1	1244259	483	254	13211	9018	12.41 
1	1244311	483	253	13236	9035	12.41 
1	1244364	483	251	13233	9031	12.41 
1	1244417	482	253	13227	9031	12.48 
1	1244469	484	251	13231	9032	12.62 
1	1244521	484	253	13227	9033	13.04 
1	1244574	483	254	13237	9039	13.26 
1	1244626	484	256	13261	9056	13.40 
1	1244679	486	252	13254	9050	13.26 
1	1244732	487	255	13270	9059	13.26 
1	1244784	486	255	13296	9083	13.40 
1	1244836	486	257	13305	9081	13.68 
1	1244889	488	253	13303	9082	14.11 
1	1244942	486	255	13310	9082	14.60 
1	1244994	487	257	13311	9089	14.60 
1	1245046	487	255	13294	9076	14.46 
1	1245099	487	255	13305	9082	13.75 
1	1245152	486	254	13314	9096	13.82 
1	1245204	489	254	13320	9100	14.04 
1	1245256	488	256	13344	9112	14.25 
1	1245309	488	255	13349	9107	14.60 
1	1245362	486	256	13286	9068	14.60 
1	1245414	488	256	13312	9089	0.00 
1	1245466	487	256	13359	9120	0.00 
1	1245518	487	255	13319	9096	3.05 
1	1245572	487	257	13350	9112	10.56 
1	1245624	486	255	13369	9127	11.20 
1	1245676	485	255	13313	9095	8.22 
1	1245728	487	257	13342	9105	2.84 
1	1245782	490	254	13384	9134	0.00 
1	1245834	489	253	13383	9131	0.00 
1	1245886	488	253	13346	9113	1.63 
1	1245938	485	257	13336	9099	8.22 
1	1245990	485	255	13354	9120	11.41 
1	1246044	486	252	13348	9109	11.48 
1	1246096	484	254	13343	9109	2.98 
1	1246148	484	254	13354	9121	0.00 
1	1246200	484	253	13352	9117	0.00 
1	1246253	485	254	13350	9113	1.84 
1	1246306	484	254	13369	9133	7.66 
1	1246358	483	253	13373	9133	11.06 
1	1246410	483	255	13328	9102	8.86 
1	1246462	484	254	13340	9111	0.00 
1	1246516	486	253	13366	9126	0.00 
1	1246568	484	256	13382	9135	0.00 
1	1246620	486	252	13376	9132	0.43 
1	1246672	485	254	13393	9141	9.00 
1	1246725	484	256	13391	9141	11.77 
1	1246778	483	254	13357	9116	10.49 
1	1246830	486	251	13363	9122	3.12 
1	1246882	484	253	13363	9120	0.00 
1	1246935	483	254	13407	9153	0.00 
1	1246987	483	251	13360	9128	3.83 
1	1247040	479	252	13337	9112	12.48 
1	1247092	480	251	13328	9101	15.38 
1	1247144	479	252	13346	9113	11.70 
1	1247198	483	253	13324	9100	5.25 
1	1247250	485	251	13254	9048	0.57 
1	1247302	482	253	13228	9027	0.00 
1	1247354	481	252	13267	9060	4.96 
1	1247407	482	250	13295	9077	9.92 
1	1247460	479	252	13310	9086	13.82 
1	1247512	480	249	13274	9063	10.99 
1	1247564	480	248	13246	9043	4.40 
1	1247617	477	252	13244	9041	0.00 
1	1247670	475	249	13202	9017	0.35 
1	1247722	475	248	13198	9018	5.32 
1	1247774	473	250	13224	9032	11.48 
1	1247826	475	248	13219	9030	13.11 
1	1247879	473	250	13191	9013	10.28 
1	1247932	472	249	13215	9025	5.32 
1	1247984	472	248	13177	9002	0.00 
1	1248036	475	248	13143	8975	0.00 
1	1248089	478	248	13154	8980	1.98 
1	1248142	476	250	13093	8940	5.81 
1	1248194	473	250	13054	8913	6.45 
1	1248246	473	250	13111	8962	6.59 
1	1248299	474	249	13093	8939	6.66 
1	1248351	478	251	13226	9031	6.88 
1	1248404	483	250	13353	9131	5.81 
1	1248456	481	254	13308	9094	7.30 
1	1248508	481	250	13185	9012	7.87 
1	1248561	480	251	13155	8979	8.51 
1	1248614	478	251	13186	9005	8.79 
1	1248666	479	251	13203	9020	9.00 
1	1248718	482	250	13211	9020	9.14 
1	1248771	482	252	13218	9027	9.29 
1	1248823	481	250	13196	9017	9.64 
1	1248876	479	249	13162	8990	10.07 
1	1248928	478	251	13175	9001	10.42 
1	1248980	480	253	13237	9038	10.56 
1	1249033	480	251	13238	9043	10.56 
1	1249086	478	252	13201	9013	10.63 
1	1249138	478	249	13223	9038	10.70 
1	1249190	479	253	13134	8972	11.06 
1	1249244	480	251	13152	8986	11.34 
1	1249296	480	250	13229	9033	11.55 
1	1249348	478	249	13153	8979	11.63 
1	1249400	477	251	13068	8921	11.63 
1	1249454	480	249	13071	8926	11.63 
1	1249506	481	249	13096	8943	11.77 
1	1249558	478	251	13086	8936	11.98 
1	1249610	480	248	13091	8941	12.26 
1	1249664	478	250	13044	8904	12.41 
1	1249716	478	252	13089	8940	12.41 
1	1249768	479	252	13121	8964	12.33 
1	1249821	481	251	13078	8929	12.33 
1	1249873	481	251	13078	8934	12.48 
1	1249926	479	252	13049	8908	12.69 
1	1249978	482	250	13088	8932	12.83 
1	1250031	484	251	13114	8957	12.90 
1	1250083	486	253	13143	8978	12.83 
1	1250136	486	251	13156	8988	12.76 
1	1250188	486	252	13138	8969	12.76 
1	1250241	487	252	13159	8988	12.90 
1	1250293	488	253	13155	8980	13.04 
1	1250345	486	255	13142	8973	13.26 
1	1250399	487	252	13158	8988	13.33 
1	1250451	484	253	13141	8975	13.26 
1	1250503	487	252	13117	8959	13.19 
1	1250555	486	255	13123	8967	13.19 
1	1250609	488	255	13154	8985	13.33 
1	1250661	488	255	13215	9027	13.47 
1	1250713	488	252	13151	8980	13.61 
1	1250765	488	253	13114	8961	13.61 
1	1250819	486	256	13078	8932	13.54 
1	1250871	488	253	13097	8943	13.47 
1	1250923	487	256	13220	9022	13.47 
1	1250976	486	255	13162	8981	13.61 
1	1251028	486	255	13118	8950	13.75 
1	1251081	487	256	13213	9021	13.82 
1	1251133	488	253	13168	8995	13.89 
1	1251186	486	255	13113	8954	13.82 
1	1251238	487	252	13136	8966	13.75 
1	1251291	484	253	13133	8966	13.75 
1	1251343	486	251	13100	8948	13.89 
1	1251396	485	256	13101	8947	13.97 
1	1251448	488	253	13142	8972	14.04 
1	1251501	486	255	13174	8998	14.04 
1	1251554	487	252	13161	8990	13.97 
1	1251606	485	256	13091	8940	13.89 
1	1251658	486	255	13107	8954	13.89 
1	1251710	486	254	13173	9001	14.04 
1	1251764	484	254	13162	8995	14.25 
1	1251816	487	252	13098	8946	14.25 
1	1251868	486	254	13116	8989	14.18 
1	1251920	485	255	13159	8986	14.11 
1	1251974	487	254	13116	8959	14.04 
1	1252026	485	254	13147	8978	14.04 
1	1252078	486	255	13189	9008	14.18 
1	1252131	486	256	13224	9031	14.25 
1	1252184	486	255	13161	8988	14.25 
1	1252236	489	254	13161	8985	14.25 
1	1252288	490	255	13198	9019	14.04 
1	1252341	487	256	13207	9018	14.04 
1	1252393	487	255	13168	8997	14.04 
1	1252446	486	255	13160	8992	14.18 
1	1252498	488	255	13222	9034	14.32 
1	1252551	488	256	13232	9038	14.32 
1	1252603	487	256	13183	9005	14.25 
1	1252656	487	256	13170	8997	14.11 
1	1252709	490	253	13192	9010	14.11 
1	1252761	490	254	13182	9007	14.25 
1	1252813	489	253	13185	9012	14.32 
1	1252866	487	257	13206	9019	14.53 
1	1252919	489	256	13261	9053	14.53 
1	1252971	489	256	13258	9057	14.39 
1	1253023	488	256	13213	9021	14.25 
1	1253076	489	258	13221	9030	14.25 
1	1253129	492	254	13246	9047	14.39 
1	1253181	490	253	13190	9013	14.53 
1	1253233	487	255	13161	8984	14.67 
1	1253286	487	255	13202	9016	14.60 
1	1253339	488	255	13213	9025	14.39 
1	1253391	488	256	13187	9007	14.25 
1	1253443	487	256	13221	9027	14.32 
1	1253496	488	255	13225	9031	14.39 
1	1253549	488	257	13192	9007	14.60 
1	1253601	488	256	13184	9006	14.67 
1	1253654	489	256	13200	9017	14.60 
1	1253706	488	256	13177	8999	14.39 
1	1253758	488	258	13177	9007	14.25 
1	1253811	489	256	13168	8996	14.32 
1	1253864	490	254	13164	8981	14.32 
1	1253916	488	256	13172	8999	14.60 
1	1253968	487	255	13140	8968	14.67 
1	1254021	486	255	13131	8966	14.53 
1	1254074	489	253	13150	8974	14.39 
1	1254126	487	256	13153	8982	14.25 
1	1254178	487	255	13186	9010	14.32 
1	1254232	487	255	13213	9025	14.53 
1	1254284	485	255	13183	9003	14.67 
1	1254336	488	252	13136	8966	14.60 
1	1254388	486	254	13147	8976	14.53 
1	1254441	485	254	13166	8987	14.32 
1	1254494	484	253	13156	8981	14.25 
1	1254546	486	254	13117	8955	14.39 
1	1254598	487	252	13121	8963	14.53 
1	1254651	486	251	13116	8958	14.67 
1	1254704	483	253	13076	8932	14.60 
1	1254756	484	253	13100	8947	14.46 
1	1254809	486	252	13141	8971	14.39 
1	1254861	483	256	13172	8998	14.32 
1	1254914	483	254	13161	8986	14.46 
1	1254966	487	252	13171	8996	14.67 
1	1255019	486	255	13210	9018	14.82 
1	1255071	484	254	13198	9019	14.74 
1	1255123	483	253	13137	8973	14.60 
1	1255176	485	253	13127	8965	14.46 
1	1255229	486	254	13186	9005	14.39 
1	1255281	485	255	13184	9003	14.46 
1	1255333	485	255	13135	8966	14.60 
1	1255386	486	254	13163	8986	14.74 
1	1255439	488	253	13189	9008	14.67 
1	1255491	486	254	13150	8978	14.46 
1	1255543	486	254	13160	8986	14.32 
1	1255597	489	254	13220	9027	14.39 
1	1255649	486	255	13163	8987	14.53 
1	1255701	487	252	13108	8952	14.74 
1	1255753	487	257	13132	8968	14.74 
1	1255806	489	254	13170	8997	14.67 
1	1255859	486	255	13145	8972	14.46 
1	1255911	488	254	13156	8984	14.32 
1	1255963	486	255	13152	8983	14.39 
1	1256016	485	255	13141	8973	14.53 
1	1256069	486	256	13127	8962	14.67 
1	1256121	490	254	13173	8997	14.74 
1	1256174	487	255	13165	8991	14.60 
1	1256226	487	256	13118	8961	14.39 
1	1256279	489	257	13177	9001	14.32 
1	1256331	489	256	13231	9034	14.39 
1	1256384	490	253	13194	9012	14.53 
1	1256436	488	256	13183	9005	14.67 
1	1256488	486	258	13234	9039	14.60 
1	1256541	485	253	13126	8965	14.39 
1	1256594	488	253	13142	8972	14.39 
1	1256646	487	256	13148	8979	14.32 
1	1256698	487	258	13073	8926	14.39 
1	1256752	486	255	13119	8961	14.53 
1	1256804	488	253	13191	9014	14.60 
1	1256856	487	255	13131	8963	14.53 
1	1256908	490	253	13099	8950	14.39 
1	1256962	488	256	13134	8969	14.32 
1	1257014	488	255	13160	8986	14.25 
1	1257066	486	255	13114	8958	14.32 
1	1257118	487	257	13071	8928	14.46 
1	1257171	491	254	13135	8969	14.53 
1	1257224	492	260	13271	9066	14.46 
1	1257276	486	257	13010	8879	14.32 
1	1257329	483	253	12951	8842	14.32 
1	1257381	485	252	12972	8849	14.32 
1	1257434	484	253	12982	8854	14.39 
1	1257486	484	254	13063	8912	14.46 
1	1257539	488	254	13184	9002	14.60 
1	1257591	484	255	13206	9017	14.53 
1	1257644	482	254	13039	8899	14.39 
1	1257696	485	251	13079	8928	14.32 
1	1257749	484	254	13158	8979	14.32 
1	1257801	485	252	13113	8955	14.39 
1	1257853	482	249	12996	8868	14.46 
1	1257907	480	250	13055	8912	14.60 
1	1257959	483	253	13145	8971	14.46 
1	1258011	484	254	13098	8943	14.39 
1	1258063	487	252	13085	8936	14.25 
1	1258117	488	253	13128	8962	14.32 
1	1258169	488	254	13173	8994	14.39 
1	1258221	488	253	13161	8983	14.46 
1	1258274	487	252	13134	8963	14.53 
1	1258327	484	256	13148	8976	14.46 
1	1258379	483	256	13154	8978	14.32 
1	1258431	486	251	13135	8967	14.32 
1	1258484	485	254	13147	8974	14.32 
1	1258536	486	253	13171	8994	14.46 
1	1258589	485	252	13164	8987	14.53 
1	1258641	484	253	13115	8952	14.53 
1	1258694	484	254	13134	8966	14.39 
1	1258746	485	254	13138	8968	14.32 
1	1258799	486	251	13090	8935	14.25 
1	1258852	484	250	13078	8925	14.39 
1	1258904	482	255	13148	8976	14.53 
1	1258956	483	253	13152	8981	14.60 
1	1259009	483	253	13160	8988	14.60 
1	1259062	479	252	13118	8960	14.39 
1	1259114	480	250	13105	8950	14.32 
1	1259166	479	248	13065	8920	14.25 
1	1259218	478	249	13119	8957	14.46 
1	1259272	477	252	13212	9015	14.60 
1	1259324	476	251	13215	9018	14.96 
1	1259376	478	249	13204	9012	15.03 
1	1259429	472	253	13184	9001	15.10 
1	1259482	470	244	13011	8878	15.03 
1	1259534	468	246	12955	8838	15.10 
1	1259586	469	246	13060	8917	15.17 
1	1259639	469	245	13103	8947	15.31 
1	1259692	469	246	13067	8918	15.38 
1	1259744	468	245	13090	8933	15.31 
1	1259796	467	246	13146	8973	15.24 
1	1259849	470	246	13154	8979	15.17 
1	1259901	470	245	13107	8951	15.10 
1	1259954	469	246	13051	8907	15.17 
1	1260006	472	249	13068	8919	15.24 
1	1260059	474	249	13137	8960	15.17 
1	1260111	478	249	13164	8979	15.03 
1	1260164	479	251	13212	9013	14.96 
1	1260217	481	250	13213	9014	14.82 
1	1260269	482	250	13245	9032	14.82 
1	1260321	484	251	13228	9028	14.89 
1	1260374	483	254	13205	9008	14.89 
1	1260427	484	251	13212	9011	14.82 
1	1260479	483	256	13220	9021	14.67 
1	1260531	483	254	13222	9017	14.39 
1	1260583	488	253	13240	9021	14.11 
1	1260637	492	255	13322	9086	14.11 
1	1260689	493	259	13345	9098	14.25 
1	1260741	494	259	13341	9093	14.39 
1	1260794	497	260	13386	9125	14.18 
1	1260847	496	261	13397	9132	13.97 
1	1260899	498	262	13477	9185	13.75 
1	1260951	501	260	13432	9157	13.82 
1	1261004	497	262	13493	9206	13.97 
1	1261057	498	262	13466	9178	14.04 
1	1261109	497	261	13517	9198	14.18 
1	1261162	495	259	13374	9131	14.11 
1	1261214	495	257	13343	9112	14.04 
1	1261266	494	261	13392	9142	13.89 
1	1261319	495	261	13438	9178	13.89 
1	1261372	496	260	13385	9135	13.97 
1	1261424	495	261	13361	9119	14.11 
1	1261476	494	260	13355	9115	14.11 
1	1261529	495	260	13366	9118	14.04 
1	1261582	496	260	13398	9142	13.97 
1	1261634	495	260	13384	9133	13.82 
1	1261686	495	260	13355	9111	13.89 
1	1261740	495	260	13372	9126	13.97 
1	1261792	495	262	13363	9116	14.04 
1	1261844	495	260	13363	9119	14.18 
1	1261896	495	260	13380	9129	14.04 
1	1261949	498	260	13363	9120	13.97 
1	1262002	496	260	13358	9120	13.82 
1	1262054	498	259	13357	9118	13.89 
1	1262106	496	260	13358	9116	14.04 
1	1262159	496	260	13369	9124	14.18 
1	1262212	497	261	13465	9196	14.25 
1	1262264	497	262	13529	9239	14.11 
1	1262317	493	261	10922	7400	14.04 
1	1262369	439	229	7956	5340	13.97 
1	1262422	355	185	5706	3813	14.11 
1	1262474	312	163	5101	3406	14.25 
1	1262527	287	150	4786	3197	14.39 
1	1262579	262	135	4552	3042	14.39 
1	1262631	245	132	4377	2921	14.18 
1	1262684	229	120	4228	2825	14.04 
1	1262736	227	120	4230	2829	13.97 
1	1262789	220	113	4120	2757	14.04 
1	1262841	210	109	4094	2734	14.25 
1	1262894	208	111	4103	2738	14.39 
1	1262946	206	104	4095	2738	14.32 
1	1262999	206	105	4079	2731	14.25 
1	1263051	206	105	4089	2735	14.04 
1	1263104	202	106	4073	2716	13.97 
1	1263156	194	102	4008	2676	14.04 
1	1263208	194	102	3992	2672	14.18 
1	1263261	191	100	3975	2658	14.32 
1	1263313	183	97	3853	2579	14.32 
1	1263366	185	98	3871	2590	14.18 
1	1263418	185	98	3855	2580	13.97 
1	1263470	184	95	3822	2555	13.89 
1	1263523	178	93	3692	2467	13.89 
1	1263576	176	89	3627	2423	13.97 
1	1263628	176	89	3564	2381	14.18 
1	1263680	168	92	3533	2363	14.18 
1	1263732	178	89	3584	2395	13.97 
1	1263784	171	91	3589	2397	13.82 
1	1263838	172	88	3512	2347	13.75 
1	1263890	169	92	3412	2283	13.82 
1	1263942	160	83	3199	2136	14.04 
1	1263994	162	82	3171	2115	14.18 
1	1264047	160	84	3177	2123	14.25 
1	1264100	158	83	3158	2102	14.18 
1	1264152	158	82	3101	2068	14.04 
1	1264204	163	83	3152	2108	13.97 
1	1264257	162	83	3152	2101	13.97 
1	1264309	161	82	3108	2074	14.18 
1	1264361	157	81	3082	2055	14.32 
1	1264414	156	80	3018	2010	14.39 
1	1264466	158	81	3031	2022	14.39 
1	1264519	155	83	3018	2012	14.18 
1	1264571	156	83	3022	2012	14.18 
1	1264623	156	80	2998	1997	14.18 
1	1264676	152	79	2943	1960	14.32 
1	1264729	154	81	2946	1962	14.53 
1	1264781	149	77	2844	1897	14.60 
1	1264833	150	80	2870	1909	14.46 
1	1264885	151	79	2849	1903	14.32 
1	1264937	149	77	2847	1902	14.18 
1	1264991	152	78	2823	1885	14.18 
1	1265043	151	80	2868	1904	14.32 
1	1265095	149	79	2822	1883	14.46 
1	1265147	147	79	2809	1868	14.46 
1	1265200	148	76	2797	1864	14.46 
1	1265253	148	76	2779	1852	14.25 
1	1265305	148	76	2792	1857	14.11 
1	1265357	148	74	2757	1842	14.11 
1	1265410	146	76	2762	1839	14.25 
1	1265462	148	74	2750	1827	14.39 
1	1265514	148	75	2760	1842	14.53 
1	1265567	146	74	2765	1842	14.46 
1	1265619	146	74	2754	1831	14.25 
1	1265672	148	75	2768	1840	14.18 
1	1265724	146	75	2748	1833	14.18 
1	1265776	146	74	2736	1820	14.25 
1	1265829	148	73	2735	1826	14.46 
1	1265882	146	74	2723	1819	14.53 
1	1265934	148	73	2716	1810	14.46 
1	1265986	145	74	2733	1820	14.32 
1	1266038	144	74	2719	1807	14.18 
1	1266091	144	74	2709	1801	14.18 
1	1266144	145	73	2694	1804	14.32 
1	1266196	144	74	2686	1788	14.46 
1	1266248	144	73	2684	1785	14.46 
1	1266300	148	71	2700	1797	14.32 
1	1266353	142	74	2670	1784	14.32 
1	1266406	144	74	2692	1789	14.18 
1	1266458	147	72	2681	1782	14.18 
1	1266510	143	73	2666	1771	14.25 
1	1266563	143	73	2666	1772	14.39 
1	1266615	143	74	2666	1771	14.53 
1	1266667	143	74	2658	1768	14.53 
1	1266720	141	73	2663	1770	14.39 
1	1266772	143	74	2655	1764	14.25 
1	1266825	143	73	2633	1756	14.18 
1	1266877	142	73	2640	1755	14.25 
1	1266929	142	73	2629	1747	14.46 
1	1266981	142	73	2625	1759	14.53 
1	1267035	142	73	2640	1755	14.53 
1	1267087	143	73	2646	1756	14.39 
1	1267139	141	72	2614	1737	14.25 
1	1267191	139	72	2606	1745	14.18 
1	1267244	140	73	2608	1736	14.25 
1	1267297	139	72	2614	1737	14.46 
1	1267349	141	72	2614	1736	14.53 
1	1267401	141	72	2606	1736	14.53 
1	1267453	140	72	2598	1726	14.39 
1	1267506	140	73	2604	1736	14.25 
1	1267558	140	72	2597	1734	14.18 
1	1267611	139	73	2597	1726	14.25 
1	1267663	140	72	2592	1725	14.39 
1	1267716	138	72	2605	1738	14.53 
1	1267768	140	72	2594	1723	14.53 
1	1267820	140	71	2585	1720	14.39 
1	1267873	140	71	2584	1720	14.25 
1	1267926	140	71	2576	1711	14.18 
1	1267978	139	71	2577	1712	14.25 
1	1268030	137	71	2572	1712	14.39 
1	1268082	139	71	2568	1711	14.53 
1	1268134	139	71	2571	1712	14.53 
1	1268188	138	71	2559	1701	14.46 
1	1268240	139	71	2566	1706	14.25 
1	1268292	138	70	2555	1700	14.18 
1	1268344	135	71	2550	1696	14.18 
1	1268397	138	71	2545	1704	14.32 
1	1268450	136	71	2559	1699	14.46 
1	1268502	136	69	2479	1647	14.53 
1	1268554	133	69	2455	1628	14.39 
1	1268606	133	68	2456	1636	14.25 
1	1268659	132	69	2466	1639	14.18 
1	1268711	134	69	2464	1638	14.18 
1	1268764	132	69	2473	1649	14.32 
1	1268816	135	69	2480	1649	14.46 
1	1268869	134	69	2446	1633	14.53 
1	1268921	133	69	2432	1616	14.46 
1	1268973	130	71	2430	1614	14.25 
1	1269026	132	71	2434	1625	14.11 
1	1269079	130	70	2428	1614	14.11 
1	1269131	132	71	2411	1602	14.25 
1	1269183	133	69	2451	1625	14.39 
1	1269235	133	69	2445	1625	14.53 
1	1269287	134	69	2459	1635	14.32 
1	1269341	133	68	2448	1634	14.25 
1	1269393	133	69	2438	1623	14.18 
1	1269445	132	68	2438	1622	14.11 
1	1269497	132	71	2437	1624	14.18 
1	1269550	132	69	2426	1613	14.39 
1	1269603	133	68	2446	1626	14.53 
1	1269655	133	69	2447	1627	14.39 
1	1269707	133	68	2439	1623	14.25 
1	1269760	132	71	2420	1609	14.11 
1	1269812	131	69	2405	1599	14.11 
1	1269864	132	70	2409	1603	14.18 
1	1269917	130	70	2397	1595	14.39 
1	1269969	131	69	2419	1611	14.53 
1	1270022	132	68	2416	1614	14.46 
1	1270074	131	71	2437	1624	14.39 
1	1270126	128	71	2395	1592	14.25 
1	1270179	131	69	2400	1598	14.18 
1	1270232	132	70	2415	1601	14.25 
1	1270284	131	70	2411	1604	14.39 
1	1270336	131	69	2407	1601	14.46 
1	1270388	131	71	2405	1598	14.46 
1	1270440	131	70	2393	1597	14.32 
1	1270494	130	70	2393	1592	14.18 
1	1270546	131	71	2403	1599	14.18 
1	1270598	128	67	2387	1588	14.25 
1	1270650	131	70	2401	1597	14.39 
1	1270703	131	67	2396	1595	14.46 
1	1270755	130	69	2382	1584	14.46 
1	1270808	128	68	2376	1581	14.32 
1	1270860	130	67	2394	1598	14.11 
1	1270913	131	70	2414	1605	14.11 
1	1270965	130	70	2397	1598	14.18 
1	1271017	130	69	2367	1573	14.32 
1	1271070	129	66	2382	1585	14.46 
1	1271122	130	66	2363	1573	14.46 
1	1271175	130	67	2376	1582	14.32 
1	1271227	131	66	2394	1591	14.18 
1	1271279	130	67	2392	1592	14.11 
1	1271331	129	67	2382	1591	14.18 
1	1271385	130	66	2370	1578	14.32 
1	1271437	129	66	2374	1579	14.46 
1	1271489	130	66	2361	1573	14.46 
1	1271541	130	67	2392	1592	14.32 
1	1271593	130	67	2372	1585	14.18 
1	1271647	130	66	2382	1582	14.11 
1	1271699	130	70	2368	1576	14.18 
1	1271751	129	66	2352	1567	14.32 
1	1271803	129	66	2365	1573	14.39 
1	1271856	130	66	2363	1574	14.46 
1	1271908	129	66	2341	1564	14.32 
1	1271961	128	66	2353	1563	14.18 
1	1272013	127	66	2353	1563	14.11 
1	1272066	127	66	2350	1568	14.18 
1	1272118	127	66	2354	1566	14.25 
1	1272170	128	66	2375	1587	14.39 
1	1272223	127	66	2372	1582	14.53 
1	1272275	126	66	2355	1566	14.39 
1	1272328	126	65	2357	1566	14.25 
1	1272380	125	65	2366	1572	14.18 
1	1272432	124	64	2304	1531	14.18 
1	1272484	125	65	2346	1565	14.32 
1	1272538	126	65	2339	1557	14.46 
1	1272590	127	65	2353	1570	14.46 
1	1272642	127	66	2398	1598	14.46 
1	1272694	131	70	2404	1604	14.25 
1	1272747	131	67	2300	1529	14.11 
1	1272800	130	70	2053	1368	14.11 
1	1272852	129	66	1615	1070	14.25 
1	1272904	124	64	1085	724	14.46 
1	1272956	123	64	830	551	14.46 
1	1273009	123	63	628	422	14.39 
1	1273061	123	63	468	315	14.25 
1	1273113	120	61	299	198	14.11 
1	1273165	120	62	241	156	14.11 
1	1273219	121	62	322	213	14.25 
1	1273271	124	64	962	638	14.39 
1	1273323	123	61	1513	1011	14.46 
1	1273375	125	65	1715	1138	14.46 
1	1273427	123	63	1767	1173	14.32 
1	1273480	125	64	1866	1239	14.18 
1	1273532	124	64	1895	1258	14.11 
1	1273585	125	63	1937	1286	14.18 
1	1273637	123	63	1921	1274	14.32 
1	1273690	122	62	1945	1295	14.46 
1	1273742	122	60	1968	1308	14.46 
1	1273794	122	64	1957	1309	14.32 
1	1273846	121	63	1830	1215	14.18 
1	1273900	121	62	1524	1010	14.11 
1	1273952	122	63	1269	841	14.18 
1	1274004	122	63	1056	707	14.32 
1	1274056	121	62	938	651	14.46 
1	1274108	118	60	846	567	14.46 
1	1274161	118	59	763	511	14.32 
1	1274213	118	56	760	508	14.18 
1	1274265	114	59	798	535	14.11 
1	1274318	118	62	1408	942	14.11 
1	1274371	118	57	1692	1124	14.18 
1	1274423	118	61	1806	1202	14.46 
1	1274475	120	62	1897	1260	14.46 
1	1274527	120	61	1935	1285	14.39 
1	1274579	119	60	1936	1285	14.25 
1	1274633	119	61	1959	1302	14.11 
1	1274685	118	59	1804	1204	14.11 
1	1274737	118	56	1568	1046	14.25 
1	1274789	115	59	1393	927	14.39 
1	1274842	113	58	1161	770	14.39 
1	1274894	112	58	856	578	14.39 
1	1274946	109	56	571	381	14.25 
1	1274999	109	56	443	294	14.11 
1	1275052	109	56	471	324	14.11 
1	1275104	113	59	820	549	14.18 
1	1275156	114	60	1404	932	14.32 
1	1275208	118	59	1578	1049	14.46 
1	1275260	118	59	1694	1124	14.39 
1	1275313	116	59	1723	1146	14.25 
1	1275365	118	56	1754	1166	14.11 
1	1275418	118	58	1771	1182	14.04 
1	1275470	118	60	1808	1201	14.18 
1	1275523	118	58	1769	1187	14.32 
1	1275575	114	59	1608	1064	14.46 
1	1275627	113	59	1293	860	14.46 
1	1275680	110	57	981	655	14.32 
1	1275732	109	56	754	511	14.18 
1	1275785	110	56	609	409	14.04 
1	1275837	109	59	497	330	14.11 
1	1275889	110	57	404	264	14.32 
1	1275941	111	59	363	244	14.39 
1	1275994	111	60	360	242	14.46 
1	1276046	110	57	370	246	14.39 
1	1276098	110	60	382	260	14.18 
1	1276150	110	56	387	263	14.11 
1	1276203	110	56	396	263	14.11 
1	1276255	109	57	414	278	14.25 
1	1276308	110	57	506	332	14.39 
1	1276360	118	56	1013	677	14.46 
1	1276412	118	58	1379	922	14.39 
1	1276465	114	59	1478	977	14.25 
1	1276517	118	58	1547	1026	14.11 
1	1276569	118	58	1605	1065	14.04 
1	1276621	118	58	1639	1090	14.18 
1	1276675	118	57	1657	1101	14.39 
1	1276727	118	58	1692	1123	14.39 
1	1276779	118	58	1707	1134	14.39 
1	1276831	118	59	1727	1150	14.25 
1	1276883	118	58	1747	1162	14.18 
1	1276936	118	57	1747	1160	14.11 
1	1276989	118	58	1771	1174	14.25 
1	1277041	118	58	1788	1194	14.39 
1	1277093	118	57	1788	1183	14.46 
1	1277146	118	58	1811	1204	14.39 
1	1277198	118	58	1813	1209	14.32 
1	1277251	118	59	1825	1213	14.11 
1	1277303	118	58	1831	1217	14.04 
1	1277356	118	60	1832	1225	14.18 
1	1277408	118	61	1857	1234	14.32 
1	1277460	118	61	1865	1240	14.39 
1	1277512	118	60	1877	1248	14.39 
1	1277565	119	61	1882	1249	14.32 
1	1277618	118	59	1871	1249	14.11 
1	1277670	118	60	1888	1259	14.11 
1	1277722	118	60	1892	1258	14.18 
1	1277774	118	61	1906	1266	14.32 
1	1277828	118	61	1910	1270	14.39 
1	1277880	118	61	1913	1276	14.39 
1	1277932	119	60	1908	1271	14.32 
1	1277984	118	60	1935	1286	14.18 
1	1278036	115	58	1920	1282	14.11 
1	1278089	106	55	1903	1264	14.18 
1	1278142	69	36	1874	1246	14.32 
1	1278194	59	30	1940	1290	14.46 
1	1278246	54	32	2014	1338	14.46 
1	1278299	52	27	2071	1376	14.32 
1	1278351	51	26	2090	1395	14.25 
1	1278403	53	27	2084	1399	14.11 
1	1278455	60	32	2045	1358	14.11 
1	1278509	88	44	2043	1363	14.25 
1	1278561	107	55	2110	1403	14.39 
1	1278613	110	57	2070	1375	14.46 
1	1278665	108	57	2048	1358	14.39 
1	1278717	111	61	2058	1368	14.18 
1	1278770	113	60	2065	1378	14.11 
1	1278823	113	59	2052	1362	14.18 
1	1278875	112	59	2052	1366	14.25 
1	1278927	113	59	2009	1335	14.39 
1	1278980	107	55	1997	1345	14.46 
1	1279032	92	49	2018	1340	14.39 
1	1279084	67	35	2000	1330	14.25 
1	1279137	58	27	1998	1335	14.11 
1	1279190	52	27	2010	1338	14.18 
1	1279242	67	35	2028	1347	14.18 
1	1279294	104	53	2069	1383	14.46 
1	1279346	110	57	2127	1413	14.53 
1	1279398	108	56	2021	1342	14.46 
1	1279452	110	56	2021	1342	14.25 
1	1279504	109	57	2002	1330	14.18 
1	1279556	111	59	2025	1345	14.11 
1	1279608	110	56	1997	1326	14.25 
1	1279661	102	53	1993	1323	14.39 
1	1279713	83	43	1987	1320	14.46 
1	1279766	64	33	1962	1305	14.46 
1	1279818	54	30	1981	1319	14.32 
1	1279870	50	26	2014	1336	14.18 
1	1279923	48	26	2037	1354	14.18 
1	1279975	47	25	2051	1369	14.18 
1	1280027	48	26	2083	1384	14.39 
1	1280079	54	28	2079	1382	14.46 
1	1280132	75	38	2014	1334	14.46 
1	1280185	96	50	2073	1379	14.32 
1	1280237	107	54	2059	1374	14.18 
1	1280289	107	54	2007	1334	14.11 
1	1280342	108	56	2004	1338	14.18 
1	1280394	109	56	2028	1348	14.32 
1	1280446	110	56	2028	1348	14.46 
1	1280499	110	56	2019	1346	14.46 
1	1280551	110	57	2026	1347	14.32 
1	1280604	107	55	1993	1335	14.25 
1	1280656	96	50	1997	1329	14.11 
1	1280708	68	35	1979	1315	14.18 
1	1280760	54	32	2025	1351	14.32 
1	1280814	48	26	2070	1378	14.46 
1	1280866	47	25	2098	1395	14.46 
1	1280918	46	25	2129	1415	14.39 
1	1280970	48	25	2127	1416	14.25 
1	1281022	52	27	2097	1401	14.18 
1	1281075	61	31	2034	1356	14.11 
1	1281127	94	49	2134	1418	14.32 
1	1281179	105	54	2138	1421	14.39 
1	1281232	105	54	1986	1320	14.53 
1	1281285	109	56	2028	1355	14.39 
1	1281337	108	56	2062	1370	14.25 
1	1281389	109	56	2024	1344	14.18 
1	1281441	110	56	2048	1362	14.18 
1	1281494	109	56	2034	1349	14.25 
1	1281547	110	56	2009	1352	14.46 
1	1281599	110	57	2028	1354	14.46 
1	1281651	110	56	2027	1346	14.46 
1	1281703	111	57	2034	1353	14.32 
1	1281756	109	57	2033	1350	14.18 
1	1281809	111	58	2038	1357	14.11 
1	1281861	112	59	2051	1370	14.25 
1	1281913	111	56	2019	1342	14.39 
1	1281966	111	60	2039	1357	14.53 
1	1282018	111	58	2024	1344	14.46 
1	1282070	111	57	2026	1344	14.32 
1	1282123	111	60	2035	1353	14.18 
1	1282176	111	59	2041	1362	14.11 
1	1282228	111	58	2024	1349	14.25 
1	1282280	112	61	2022	1355	14.39 
1	1282332	111	58	2036	1354	14.46 
1	1282384	112	58	2029	1347	14.46 
1	1282438	110	56	2003	1329	14.39 
1	1282490	107	55	1992	1321	14.25 
1	1282542	102	52	1849	1231	14.11 
1	1282594	99	52	1911	1269	14.25 
1	1282647	84	44	1930	1280	14.39 
1	1282699	57	29	1939	1288	14.53 
1	1282752	47	25	2046	1366	14.53 
1	1282804	46	22	2090	1387	14.39 
1	1282856	48	22	2095	1390	14.32 
1	1282909	52	27	2042	1352	14.18 
1	1282961	84	44	2055	1368	14.25 
1	1283013	100	52	2143	1430	14.39 
1	1283065	102	53	2024	1354	14.53 
1	1283119	107	54	2057	1366	14.53 
1	1283171	105	55	2027	1346	14.39 
1	1283223	107	55	2040	1351	14.25 
1	1283275	118	56	2199	1468	14.18 
1	1283328	107	55	1922	1288	14.25 
1	1283380	103	54	1688	1120	14.39 
1	1283433	104	54	1390	930	14.53 
1	1283485	102	53	974	646	14.53 
1	1283537	93	49	551	366	14.46 
1	1283590	88	43	368	249	14.32 
1	1283642	80	42	202	139	14.11 
1	1283694	81	42	189	126	14.18 
1	1283746	88	44	399	266	14.32 
1	1283799	94	49	1045	694	14.46 
1	1283851	98	51	1289	857	14.60 
1	1283903	103	54	1519	1009	14.53 
1	1283955	105	54	1556	1034	14.39 
1	1284007	105	54	1616	1079	14.25 
1	1284061	105	54	1631	1084	14.18 
1	1284113	105	53	1697	1129	14.25 
1	1284165	107	54	1679	1115	14.39 
1	1284217	103	53	1565	1040	14.53 
1	1284270	95	49	1627	1079	14.53 
1	1284323	50	26	1685	1119	14.32 
1	1284375	47	22	1775	1184	14.18 
1	1284427	43	23	1868	1241	14.11 
1	1284480	45	21	1929	1281	14.18 
1	1284532	45	23	1980	1321	14.32 
1	1284584	53	32	1899	1267	14.46 
1	1284636	84	43	1823	1213	14.46 
1	1284688	100	52	1933	1285	14.39 
1	1284742	100	52	1890	1260	14.25 
1	1284794	102	52	1865	1241	14.18 
1	1284846	100	52	1832	1227	14.18 
1	1284898	101	52	1865	1240	14.32 
1	1284951	101	52	1855	1235	14.46 
1	1285003	101	52	1854	1239	14.53 
1	1285056	102	53	1588	1053	14.46 
1	1285108	103	54	1060	712	14.25 
1	1285160	99	52	476	321	14.18 
1	1285213	99	52	146	97	14.18 
1	1285265	103	53	79	56	14.32 
1	1285317	105	54	101	72	14.39 
1	1285369	99	52	463	324	14.46 
1	1285422	102	52	1123	745	14.46 
1	1285474	101	53	1343	894	14.32 
1	1285526	101	53	1423	955	14.18 
1	1285578	102	54	1491	989	14.11 
1	1285632	103	52	1519	1009	14.25 
1	1285684	102	53	1537	1038	14.39 
1	1285736	102	51	1572	1043	14.46 
1	1285788	101	52	1554	1034	14.46 
1	1285840	94	49	1456	969	14.39 
1	1285893	83	44	1542	1024	14.25 
1	1285945	61	31	1619	1087	14.04 
1	1285998	52	27	1700	1134	14.25 
1	1286050	48	25	1703	1129	14.32 
1	1286103	49	26	1673	1109	14.46 
1	1286155	77	40	1744	1167	14.46 
1	1286207	100	52	1802	1200	14.39 
1	1286259	100	52	1765	1174	14.25 
1	1286311	101	52	1770	1177	14.18 
1	1286365	103	53	1804	1200	14.25 
1	1286417	104	54	1809	1204	14.25 
1	1286469	105	53	1807	1202	14.39 
1	1286521	105	53	1806	1201	14.46 
1	1286574	103	53	1784	1188	14.39 
1	1286627	105	53	1799	1202	14.25 
1	1286679	105	54	1806	1201	14.18 
1	1286731	106	55	1833	1216	14.11 
1	1286784	106	54	1836	1223	14.32 
1	1286836	105	54	1827	1212	14.46 
1	1286888	105	53	1793	1200	14.46 
1	1286941	105	54	1809	1203	14.39 
1	1286993	106	54	1828	1215	14.25 
1	1287046	105	55	1823	1211	14.11 
1	1287098	107	55	1863	1244	14.11 
1	1287150	107	54	1836	1225	14.25 
1	1287202	106	54	1844	1222	14.39 
1	1287256	106	54	1834	1219	14.39 
1	1287308	105	54	1816	1213	14.39 
1	1287360	106	54	1836	1223	14.25 
1	1287412	106	55	1846	1228	14.18 
1	1287464	106	55	1852	1232	14.11 
1	1287518	106	55	1851	1239	14.32 
1	1287570	106	55	1865	1242	14.53 
1	1287622	106	54	1846	1226	14.60 
1	1287674	106	54	1842	1228	14.53 
1	1287727	107	54	1858	1236	14.39 
1	1287779	107	55	1862	1238	14.25 
1	1287832	107	55	1873	1242	14.25 
1	1287884	106	55	1853	1235	14.39 
1	1287937	107	52	1859	1238	14.53 
1	1287989	106	54	1847	1235	14.60 
1	1288041	107	54	1852	1239	14.60 
1	1288093	106	55	1849	1230	14.46 
1	1288146	106	55	1842	1232	14.32 
1	1288199	107	55	1880	1251	14.32 
1	1288251	106	55	1865	1242	14.39 
1	1288303	107	53	1877	1249	14.53 
1	1288355	106	55	1864	1241	14.67 
1	1288409	106	54	1849	1240	14.60 
1	1288461	107	55	1865	1242	14.53 
1	1288513	107	55	1874	1246	14.39 
1	1288565	106	55	1874	1245	14.32 
1	1288617	107	54	1851	1232	14.39 
1	1288670	107	55	1868	1255	14.53 
1	1288723	107	54	1876	1248	14.67 
1	1288775	106	55	1872	1246	14.67 
1	1288827	107	55	1869	1251	14.53 
1	1288880	107	54	1880	1253	14.46 
1	1288932	107	55	1874	1247	14.39 
1	1288985	106	55	1867	1243	14.46 
1	1289037	106	55	1863	1241	14.53 
1	1289090	107	55	1887	1263	14.67 
1	1289142	107	54	1882	1253	14.67 
1	1289194	106	55	1872	1251	14.53 
1	1289246	107	54	1880	1252	14.39 
1	1289299	107	55	1879	1252	14.39 
1	1289352	107	54	1876	1250	14.39 
1	1289404	106	55	1877	1250	14.60 
1	1289456	107	55	1886	1259	14.67 
1	1289508	106	53	1871	1253	14.67 
1	1289561	107	55	1893	1269	14.53 
1	1296379	102	53	77	55	14.74 
1	1296432	100	52	76	56	14.74 
1	1296484	101	49	77	55	14.53 
1	1296536	102	52	77	55	14.39 
1	1296588	104	54	81	57	14.25 
1	1296641	100	52	78	55	14.18 
1	1296693	100	51	76	56	14.25 
1	1296745	102	52	80	53	14.39 
1	1296797	102	52	80	55	14.53 
1	1296849	101	52	78	55	14.53 
1	1296902	101	51	77	55	14.46 
1	1296954	100	52	78	55	14.39 
1	1297006	101	52	78	55	14.25 
1	1297058	102	52	80	55	14.25 
1	1297111	101	50	78	54	14.32 
1	1297163	100	52	77	55	14.53 
1	1297215	101	52	78	55	14.60 
1	1297267	101	52	80	53	14.60 
1	1297319	101	51	77	55	14.53 
1	1297372	101	51	78	54	14.32 
1	1297424	102	52	80	54	14.25 
1	1297496	101	52	78	55	14.39 
OFF-------
Turn OFF Data Collection
Collect Data: Turn Off
