1	1300541	101	51	80	54	18.15 
1	1300593	101	52	80	54	17.93 
1	1300645	100	51	78	54	17.79 
1	1300698	100	51	77	55	17.79 
1	1300750	100	52	80	54	17.86 
1	1300802	102	53	80	57	17.79 
1	1300854	102	52	80	57	17.72 
1	1300907	102	52	80	56	17.58 
1	1300959	101	52	80	55	17.37 
1	1301011	101	51	78	55	17.08 
1	1301063	100	50	77	55	17.01 
1	1301115	101	52	80	56	17.01 
1	1301168	102	53	80	56	17.01 
1	1301220	103	52	80	57	17.01 
1	1301272	101	53	80	57	16.94 
1	1301324	101	52	80	54	16.73 
1	1301377	101	52	80	56	16.59 
1	1301429	101	52	80	55	16.45 
1	1301481	101	52	80	56	16.38 
1	1301533	100	52	80	56	16.45 
1	1301585	101	52	80	55	16.45 
1	1301638	100	50	80	56	16.52 
1	1301690	101	52	80	56	16.45 
1	1301742	99	51	80	54	16.23 
1	1301794	96	50	77	55	16.02 
1	1301847	97	50	81	57	15.88 
1	1301899	92	49	80	55	15.88 
1	1301950	77	40	80	56	15.88 
1	1302002	64	33	80	57	16.02 
1	1302054	58	28	80	57	16.09 
1	1302107	54	30	80	57	16.02 
1	1302159	52	26	80	55	15.88 
1	1302211	49	26	76	56	15.67 
1	1302263	48	26	77	55	15.60 
1	1302316	56	29	76	56	15.60 
1	1302368	84	43	75	53	15.67 
1	1302420	96	50	81	58	15.74 
1	1302472	98	50	83	60	15.81 
1	1302524	95	49	80	57	15.67 
1	1302577	95	49	77	55	15.52 
1	1302629	94	49	76	53	15.38 
1	1302681	95	50	77	55	15.24 
1	1302732	95	50	77	55	15.31 
1	1302785	95	49	78	54	15.38 
1	1302837	94	49	77	55	15.52 
1	1302889	95	49	78	54	15.52 
1	1302941	94	50	77	55	15.45 
1	1302993	93	49	76	53	15.24 
1	1303046	95	50	77	55	15.10 
1	1303098	95	50	77	55	15.10 
1	1303150	95	51	80	55	15.10 
1	1303202	92	50	75	53	15.17 
1	1303255	94	49	70	51	15.31 
1	1303307	91	47	50	38	15.31 
1	1303359	88	45	34	24	15.24 
1	1303411	88	41	21	15	15.10 
1	1303463	88	43	14	9	14.96 
1	1303515	88	45	10	5	14.89 
1	1303567	88	46	7	5	14.96 
1	1303619	88	47	10	6	15.03 
1	1303671	89	47	20	13	15.10 
1	1303724	89	46	45	32	15.10 
1	1303776	95	49	54	38	15.10 
1	1303828	97	50	64	46	14.96 
1	1303880	95	49	64	46	14.74 
1	1303932	96	50	65	46	14.67 
1	1303985	96	49	66	47	14.74 
1	1304037	96	50	67	47	14.89 
1	1304088	97	50	70	46	14.96 
1	1304140	97	50	70	47	14.96 
1	1304193	96	49	70	47	14.89 
1	1304245	89	46	67	48	14.74 
1	1304297	77	40	67	47	14.60 
1	1304349	66	33	70	51	14.60 
1	1304401	59	31	72	52	14.67 
1	1304454	58	26	71	50	14.74 
1	1304506	52	28	71	50	14.89 
1	1304558	55	25	72	51	14.89 
1	1304610	54	30	71	51	14.82 
1	1304663	54	30	72	51	14.67 
1	1304715	75	39	72	51	14.53 
1	1304767	97	51	74	52	14.53 
1	1304819	97	50	83	60	14.60 
1	1304871	93	46	78	55	14.74 
1	1304923	92	53	75	53	14.82 
1	1304975	93	50	76	56	14.82 
1	1305027	94	49	76	56	14.67 
1	1305079	94	50	77	55	14.53 
1	1305132	93	49	78	55	14.53 
1	1305184	94	49	61	42	14.46 
1	1305236	90	47	44	33	14.53 
1	1305288	89	46	30	20	14.67 
1	1305340	88	46	18	12	14.74 
1	1305393	88	45	11	7	14.82 
1	1305445	88	46	8	5	14.74 
1	1305497	88	46	6	5	14.60 
1	1305548	88	46	5	6	14.46 
1	1305601	88	46	5	3	14.39 
1	1305653	88	45	11	7	14.53 
1	1305705	93	50	40	28	14.60 
1	1305757	94	49	50	35	14.67 
1	1305809	95	49	54	38	14.74 
1	1305862	96	49	60	41	14.67 
1	1305914	97	47	61	44	14.46 
1	1305966	94	50	63	44	14.32 
1	1306018	89	46	61	42	14.25 
1	1306071	88	45	60	39	14.32 
1	1306123	88	42	58	41	14.53 
1	1306174	88	43	60	40	14.60 
1	1306226	77	40	62	44	14.67 
1	1306278	68	35	64	46	14.60 
1	1306331	59	28	64	46	14.39 
1	1306383	58	26	64	46	14.25 
1	1306435	56	28	64	46	14.25 
1	1306487	53	28	64	46	14.32 
1	1306540	53	32	63	47	14.46 
1	1306592	53	28	63	47	14.60 
1	1306644	59	30	65	46	14.67 
1	1306696	77	39	70	48	14.60 
1	1306748	91	50	80	54	14.46 
1	1306801	98	51	74	53	14.32 
1	1306853	93	51	73	52	14.18 
1	1306905	94	49	74	52	14.32 
1	1306956	93	51	73	51	14.46 
1	1307009	92	49	74	52	14.60 
1	1307061	92	50	74	53	14.67 
1	1307113	90	47	60	43	14.60 
1	1307165	89	46	44	33	14.46 
1	1307217	88	45	31	24	14.32 
1	1307270	88	42	14	9	14.32 
1	1307322	84	45	7	5	14.39 
1	1307374	82	42	4	3	14.53 
1	1307426	81	43	3	3	14.60 
1	1307479	82	43	4	3	14.67 
1	1307530	79	41	12	10	14.53 
1	1307582	82	42	35	25	14.39 
1	1307634	90	47	47	33	14.32 
1	1307686	93	50	51	37	14.25 
1	1307739	91	47	55	39	14.39 
1	1307791	93	49	57	42	14.46 
1	1307843	93	48	60	39	14.60 
1	1307895	94	50	60	42	14.67 
1	1307948	94	49	60	43	14.67 
1	1308000	95	48	62	43	14.53 
1	1308052	95	50	64	46	14.32 
1	1308104	94	49	63	47	14.32 
1	1308156	95	49	64	46	14.39 
1	1308209	97	51	67	47	14.60 
1	1308260	96	50	66	47	14.60 
1	1308312	95	49	66	47	14.67 
1	1308364	97	50	68	48	14.60 
1	1308417	96	50	67	48	14.39 
1	1308469	97	49	68	48	14.32 
1	1308521	96	49	67	48	14.25 
1	1308573	96	50	70	47	14.39 
1	1308625	97	51	70	48	14.46 
1	1308678	97	50	70	48	14.67 
1	1308730	97	50	70	47	14.67 
1	1308782	96	50	70	48	14.60 
1	1308834	97	49	70	47	14.46 
1	1308887	96	49	70	48	14.39 
1	1308939	97	50	70	51	14.39 
1	1308991	97	49	67	47	14.46 
1	1309043	93	49	67	47	14.67 
1	1309094	94	48	67	48	14.74 
1	1309147	95	48	70	47	14.74 
1	1309199	94	50	70	46	14.67 
1	1309251	94	48	68	47	14.53 
1	1309303	94	46	70	46	14.46 
1	1309356	94	48	70	47	14.46 
1	1309408	95	49	70	47	14.53 
1	1309460	95	48	70	48	14.74 
1	1309512	93	51	70	46	14.82 
1	1309564	94	49	70	47	14.82 
1	1309617	94	49	68	48	14.74 
1	1309669	94	49	70	47	14.60 
1	1309721	94	49	70	48	14.53 
1	1309773	95	49	70	51	14.46 
1	1309826	95	48	70	48	14.60 
1	1309877	94	48	70	47	14.74 
1	1309929	94	48	70	48	14.82 
1	1309981	95	49	70	51	14.82 
1	1310033	94	48	70	48	14.67 
1	1310086	94	48	70	51	14.60 
1	1310138	95	48	70	51	14.46 
1	1310190	95	49	70	48	14.46 
1	1310242	94	49	70	51	14.60 
1	1310295	95	48	70	51	14.74 
1	1310347	94	49	70	51	14.74 
1	1310399	94	48	70	51	14.74 
1	1310451	95	49	70	51	14.74 
1	1310503	94	49	70	51	14.53 
1	1310556	94	49	70	51	14.39 
1	1310608	93	49	70	48	14.39 
1	1310659	94	49	70	51	14.60 
1	1310711	95	49	71	50	14.67 
1	1310764	96	49	71	50	14.82 
1	1310816	95	48	70	51	14.74 
1	1310868	94	51	70	51	14.74 
1	1310920	95	49	71	50	14.60 
1	1310972	96	48	71	50	14.53 
1	1311025	95	48	70	51	14.46 
1	1311077	95	48	70	51	14.53 
1	1311129	94	50	70	51	14.67 
1	1311181	95	48	72	51	14.74 
1	1311234	96	50	71	51	14.82 
1	1311286	95	48	71	50	14.60 
1	1311338	95	49	71	50	14.53 
1	1311390	96	49	71	51	14.39 
1	1311442	95	49	71	51	14.39 
1	1311494	95	49	71	50	14.46 
1	1311546	95	49	71	50	14.60 
1	1311598	96	49	71	51	14.67 
1	1311650	95	48	71	50	14.60 
1	1311703	95	49	71	50	14.46 
1	1311755	95	49	71	51	14.32 
1	1311807	95	49	72	50	14.25 
1	1311859	95	50	72	51	14.25 
1	1311911	95	49	72	50	14.39 
1	1311964	96	49	72	51	14.53 
1	1312016	95	49	72	51	14.67 
1	1312068	95	49	71	51	14.53 
1	1312120	95	49	72	51	14.46 
1	1312173	96	49	72	52	14.32 
1	1312225	96	49	73	51	14.25 
1	1312277	96	49	72	51	14.32 
1	1312328	95	49	72	51	14.39 
1	1312380	96	49	72	51	14.53 
1	1312433	96	49	72	51	14.53 
1	1312485	95	50	72	51	14.53 
1	1312537	96	50	73	51	14.39 
1	1312589	96	49	73	51	14.25 
1	1312642	96	48	72	51	14.11 
1	1312694	96	49	72	51	14.18 
1	1312746	96	50	73	52	14.39 
1	1312798	96	49	73	52	14.46 
1	1312850	96	49	72	52	14.53 
1	1312903	96	49	73	51	14.46 
1	1312955	95	50	72	52	14.39 
1	1313007	96	49	73	51	14.25 
1	1313059	97	49	73	52	14.18 
1	1313112	95	49	72	51	14.18 
1	1313163	95	49	72	52	14.32 
1	1313215	96	49	73	51	14.39 
1	1313267	96	49	72	52	14.46 
1	1313319	96	50	73	51	14.39 
1	1313372	96	49	73	51	14.25 
1	1313424	96	49	73	51	14.11 
1	1313476	96	49	73	51	14.04 
1	1313528	96	50	74	52	13.97 
1	1313581	96	49	73	52	14.25 
1	1313633	96	49	72	51	14.32 
1	1313685	96	49	72	51	14.39 
1	1313737	96	50	72	52	14.32 
1	1313789	97	50	73	53	14.18 
1	1313842	97	49	74	52	14.11 
1	1313894	97	50	74	52	14.11 
1	1313946	97	49	73	52	14.11 
1	1313997	97	50	74	52	14.32 
1	1314050	97	50	74	52	14.39 
1	1314102	96	49	73	51	14.46 
1	1314154	96	50	73	52	14.39 
1	1314206	97	49	74	52	14.25 
1	1314258	97	49	74	52	14.18 
1	1314311	97	48	74	52	14.18 
1	1314363	96	50	74	52	14.25 
1	1314415	96	50	73	52	14.39 
1	1314467	96	48	73	52	14.39 
1	1314520	97	49	74	52	14.53 
1	1314572	96	50	74	52	14.39 
1	1314624	97	50	74	53	14.32 
1	1314676	96	50	74	52	14.18 
1	1314728	97	49	74	52	14.18 
1	1314781	96	49	74	52	14.25 
1	1314832	97	50	73	52	14.39 
1	1314884	96	50	74	53	14.53 
1	1314936	96	50	73	52	14.53 
1	1314989	98	49	74	53	14.46 
1	1315041	97	50	74	53	14.32 
1	1315093	97	50	74	53	14.25 
1	1315145	97	49	74	52	14.25 
1	1315197	96	50	74	52	14.32 
1	1315250	97	50	74	52	14.53 
1	1315302	97	50	74	53	14.60 
1	1315354	96	50	73	52	14.60 
1	1315406	95	49	72	51	14.53 
1	1315459	97	50	74	52	14.32 
1	1315511	98	50	75	53	14.25 
1	1315563	96	49	73	52	14.25 
1	1315615	96	50	74	52	14.32 
1	1315666	96	50	73	53	14.46 
1	1315719	96	49	73	52	14.53 
1	1315771	97	49	74	52	14.53 
1	1315823	97	49	73	51	14.39 
1	1315875	97	51	73	52	14.25 
1	1315928	99	51	75	54	14.11 
1	1315980	99	50	76	56	14.18 
1	1316032	97	50	75	53	14.25 
1	1316084	98	50	74	53	14.46 
1	1316136	98	50	75	53	14.60 
1	1316189	93	50	73	51	14.60 
1	1316241	94	48	71	50	14.46 
1	1316293	92	51	71	50	14.32 
1	1316345	95	49	72	52	14.18 
1	1316398	95	49	73	52	14.18 
1	1316450	94	48	72	51	14.32 
1	1316501	93	50	71	51	14.46 
1	1316553	92	49	70	51	14.53 
1	1316605	96	49	72	52	14.53 
1	1316658	99	51	77	55	14.39 
1	1316710	98	50	76	56	14.25 
1	1316762	98	51	72	51	14.18 
1	1316814	104	54	71	50	14.18 
1	1316867	102	51	60	40	14.32 
1	1316919	106	55	60	43	14.53 
1	1316971	118	57	61	42	14.60 
1	1317023	121	62	62	43	14.53 
1	1317075	125	64	61	43	14.39 
1	1317128	126	65	57	42	14.25 
1	1317180	124	64	50	32	14.18 
1	1317232	118	59	40	29	14.25 
1	1317284	118	57	30	22	14.32 
1	1317337	113	59	28	19	14.46 
1	1317389	113	58	22	16	14.60 
1	1317441	112	59	20	13	14.60 
1	1317493	112	61	16	12	14.46 
1	1317545	118	58	16	12	14.32 
1	1317598	118	58	17	11	14.25 
1	1317650	118	62	18	12	14.25 
1	1317702	118	60	18	12	14.39 
1	1317754	118	56	26	18	14.53 
1	1317807	108	55	43	30	14.60 
1	1317859	101	52	56	39	14.46 
1	1317911	99	51	58	41	14.32 
1	1317963	101	53	63	44	14.25 
1	1318016	102	53	66	47	14.18 
1	1318068	98	51	65	47	14.25 
1	1318119	99	51	64	46	14.39 
1	1318171	102	52	67	47	14.53 
1	1318223	100	52	70	48	14.46 
1	1318276	97	50	68	48	14.32 
1	1318328	100	51	67	48	14.11 
1	1318380	104	53	71	51	14.04 
1	1318432	101	52	72	51	13.89 
1	1318484	94	49	71	50	13.97 
1	1318537	95	49	72	52	14.04 
1	1318589	94	50	73	52	14.04 
1	1318641	94	49	74	52	13.97 
1	1318693	94	49	74	52	13.89 
1	1318746	94	48	74	53	13.75 
1	1318798	93	48	75	52	13.61 
1	1318850	89	46	70	51	13.68 
1	1318902	88	43	74	53	13.89 
1	1318955	90	46	76	56	14.11 
1	1319007	91	49	76	53	14.25 
1	1319059	91	47	80	56	14.25 
1	1319111	97	50	82	57	14.25 
1	1319162	100	50	83	60	14.11 
1	1319215	101	52	83	60	14.04 
1	1319267	101	52	83	60	13.97 
1	1319319	102	53	84	60	14.11 
1	1319371	103	52	84	60	14.25 
1	1319424	102	52	83	60	14.32 
1	1319476	102	52	83	60	14.32 
1	1319528	101	53	83	60	14.25 
1	1319580	103	53	85	60	14.11 
1	1319632	107	54	88	62	14.11 
1	1319685	109	56	90	64	14.11 
1	1319737	110	56	90	64	14.25 
1	1319789	111	57	90	64	14.46 
1	1319841	112	61	91	65	14.46 
1	1319894	114	58	93	65	14.46 
1	1319946	118	57	94	66	14.32 
1	1319998	118	55	93	66	14.25 
1	1320050	114	58	93	66	14.11 
1	1320102	115	57	93	66	14.11 
1	1320155	114	58	94	66	14.25 
1	1320207	118	56	95	67	14.39 
1	1320259	118	59	95	70	14.46 
1	1320311	119	60	96	69	14.39 
1	1320364	119	61	96	69	14.32 
1	1320416	119	60	96	69	14.25 
1	1320468	119	60	96	69	14.18 
1	1320520	118	60	96	69	14.32 
1	1320572	119	60	96	69	14.46 
1	1320625	118	60	96	69	14.60 
1	1320677	118	58	96	69	14.60 
1	1320729	118	59	96	69	14.46 
1	1320781	118	60	96	69	14.32 
1	1320834	118	60	96	69	14.25 
1	1320886	117	60	97	68	14.25 
1	1320938	119	60	97	68	14.39 
1	1320990	118	60	97	68	14.53 
1	1321042	118	59	96	69	14.60 
1	1321095	118	59	95	70	14.53 
1	1321147	118	59	96	69	14.46 
1	1321199	118	60	97	68	14.39 
1	1321251	119	60	97	69	14.25 
1	1321304	118	60	97	68	14.32 
1	1321356	118	59	96	69	14.46 
1	1321408	118	59	96	69	14.53 
1	1321460	118	60	96	69	14.60 
1	1321512	119	60	97	68	14.53 
1	1321565	119	60	97	68	14.46 
1	1321617	119	60	97	68	14.32 
1	1321669	119	61	97	69	14.25 
1	1321721	120	61	97	69	14.32 
1	1321774	120	60	97	69	14.46 
1	1321826	120	61	97	69	14.60 
1	1321877	120	60	97	68	14.60 
1	1321929	119	61	96	69	14.53 
1	1321981	118	60	96	69	14.46 
1	1322034	118	60	96	69	14.32 
1	1322086	118	59	95	70	14.25 
1	1322138	118	56	95	66	14.39 
1	1322190	116	57	94	66	14.53 
1	1322243	118	55	93	66	14.60 
1	1322295	115	58	93	66	14.60 
1	1322347	117	56	95	67	14.53 
1	1322399	118	56	91	65	14.39 
1	1322451	107	55	66	47	14.25 
1	1322504	111	60	63	47	14.25 
1	1322556	112	59	50	33	14.39 
1	1322608	113	58	27	20	14.53 
1	1322660	121	62	15	11	14.67 
1	1322713	124	63	12	10	14.67 
1	1322765	126	62	10	6	14.60 
1	1322817	127	65	7	4	14.46 
1	1322869	131	70	5	6	14.39 
1	1322921	129	66	8	5	14.25 
1	1322974	126	65	35	24	14.32 
1	1323026	122	63	63	44	14.46 
1	1323078	124	62	71	50	14.53 
1	1323130	123	63	75	53	14.53 
1	1323183	125	63	80	55	14.46 
1	1323235	125	64	84	59	14.32 
1	1323287	127	64	88	62	14.25 
1	1323339	125	64	74	51	14.32 
1	1323392	125	64	65	46	14.46 
1	1323444	123	63	36	25	14.60 
1	1323496	121	62	14	10	14.67 
1	1323548	122	63	7	5	14.67 
1	1323599	127	66	5	3	14.53 
1	1323652	134	69	4	3	14.32 
1	1323704	135	69	4	3	14.25 
1	1323756	131	70	4	3	14.25 
1	1323808	127	65	7	4	14.32 
1	1323860	127	64	24	17	14.46 
1	1323913	126	65	54	37	14.60 
1	1323965	129	66	64	46	14.53 
1	1324017	129	65	70	51	14.46 
1	1324069	129	66	73	52	14.32 
1	1324122	129	65	76	53	14.25 
1	1324174	128	64	77	55	14.32 
1	1324226	127	65	78	55	14.46 
1	1324278	124	63	80	57	14.67 
1	1324331	111	60	84	60	14.74 
1	1324383	102	52	86	60	14.67 
1	1324435	98	50	86	61	14.46 
1	1324487	91	46	87	61	14.46 
1	1324538	81	41	88	62	14.46 
1	1324591	71	37	90	64	14.53 
1	1324643	67	34	96	69	14.53 
1	1324695	95	49	111	79	14.53 
1	1324747	125	64	120	85	14.60 
1	1324800	136	69	118	83	14.53 
1	1324852	138	70	117	83	14.39 
1	1324904	138	71	117	82	14.25 
1	1324956	137	70	114	81	14.25 
1	1325008	137	70	114	80	14.32 
1	1325061	136	69	113	80	14.53 
1	1325114	131	70	92	65	14.60 
1	1325165	128	66	70	46	14.67 
1	1325217	122	62	32	23	14.60 
1	1325270	118	57	12	10	14.39 
1	1325322	118	56	8	5	14.25 
1	1325374	118	59	10	5	14.18 
1	1325426	122	63	21	14	14.32 
1	1325478	132	71	60	42	14.53 
1	1325531	136	69	78	55	14.60 
1	1325583	137	69	86	60	14.60 
1	1325635	138	69	87	61	14.53 
1	1325687	135	69	53	38	14.39 
1	1325740	134	68	23	16	14.39 
1	1325792	138	69	10	4	14.39 
1	1325844	139	71	5	3	14.53 
1	1325896	138	70	4	4	14.53 
1	1325948	134	68	10	5	14.53 
1	1326001	134	72	40	27	14.53 
1	1326053	136	70	65	46	14.39 
1	1326105	136	68	73	51	14.32 
1	1326157	132	68	76	53	14.25 
1	1326210	125	64	77	55	14.32 
1	1326262	118	60	75	53	14.46 
1	1326314	121	61	80	56	14.60 
1	1326366	120	60	81	57	14.67 
1	1326418	110	55	83	60	14.60 
1	1326471	96	49	82	57	14.39 
1	1326522	88	40	81	57	14.18 
1	1326574	72	36	80	57	14.18 
1	1326626	67	33	81	58	14.32 
1	1326679	65	33	85	59	14.39 
1	1326731	73	37	93	65	14.46 
1	1326783	97	49	98	68	14.53 
1	1326835	103	53	97	68	14.53 
1	1326887	118	57	101	71	14.46 
1	1326940	118	59	104	72	14.25 
1	1326992	121	61	104	74	14.25 
1	1327044	123	62	105	75	14.32 
1	1327096	124	63	106	75	14.39 
1	1327149	125	63	106	75	14.60 
1	1327201	124	62	106	74	14.53 
1	1327253	124	63	106	76	14.39 
1	1327305	127	62	108	76	14.25 
1	1327357	129	65	110	77	14.11 
1	1327410	128	65	110	77	14.18 
1	1327462	130	65	110	78	14.32 
1	1327514	131	70	111	79	14.46 
1	1327566	132	69	112	79	14.46 
1	1327620	134	68	113	79	14.46 
1	1327672	135	68	113	80	14.39 
1	1327724	133	68	114	80	14.18 
1	1327776	134	68	114	80	14.11 
1	1327828	129	65	111	79	14.25 
1	1327881	128	65	111	78	14.39 
1	1327933	129	65	111	79	14.53 
1	1327985	132	69	112	80	14.53 
1	1328037	132	70	113	80	14.46 
1	1328090	133	69	114	80	14.32 
1	1328142	133	68	114	81	14.25 
1	1328194	131	68	114	81	14.18 
1	1328246	135	68	114	81	14.25 
1	1328299	132	70	114	80	14.39 
1	1328351	131	71	111	79	14.46 
1	1328403	132	68	112	78	14.39 
1	1328455	133	70	111	79	14.32 
1	1328507	134	69	111	79	14.18 
1	1328560	136	70	112	79	14.18 
1	1328612	138	70	112	80	14.25 
1	1328664	138	70	113	79	14.46 
1	1328716	138	70	113	80	14.67 
1	1328769	138	70	113	80	14.74 
1	1328821	135	71	113	80	14.74 
1	1328873	134	69	111	79	14.53 
1	1328925	125	65	108	76	14.46 
1	1328977	127	64	108	76	14.46 
1	1329030	135	68	102	74	14.53 
1	1329082	128	65	110	77	14.60 
1	1329134	122	62	95	67	14.74 
1	1329186	123	63	66	47	14.74 
1	1329239	126	64	47	33	14.60 
1	1329291	123	63	40	27	14.53 
1	1329343	123	63	31	24	14.46 
1	1329395	122	63	30	20	14.39 
1	1329447	123	61	31	21	14.46 
1	1329500	121	61	62	43	14.53 
1	1329552	118	57	81	58	14.67 
1	1329604	118	55	83	60	14.67 
1	1329656	114	59	85	60	14.53 
1	1329709	114	56	87	61	14.39 
1	1329761	118	55	90	61	14.32 
1	1329813	117	57	90	64	14.39 
1	1329865	118	60	95	67	14.46 
1	1329917	111	54	93	66	14.74 
1	1329970	93	50	93	65	14.82 
1	1330022	77	39	93	66	14.74 
1	1330074	72	36	96	69	14.53 
1	1330126	69	35	98	68	14.39 
1	1330179	78	40	100	68	14.25 
1	1330231	109	56	115	83	14.25 
1	1330283	118	58	110	77	14.39 
1	1330335	118	59	105	74	14.53 
1	1330387	118	58	103	73	14.60 
1	1330440	118	57	102	74	14.46 
1	1330492	118	56	101	72	14.32 
1	1330544	114	59	78	54	14.32 
1	1330596	109	55	31	24	14.32 
1	1330649	106	53	13	9	14.53 
1	1330701	106	53	5	6	14.60 
1	1330753	105	53	4	3	14.74 
1	1330805	107	53	6	5	14.67 
1	1330857	107	55	14	10	14.46 
1	1330910	110	55	42	29	14.25 
1	1330962	110	56	53	37	14.18 
1	1331014	110	56	58	41	14.25 
1	1331065	109	55	61	43	14.32 
1	1331118	109	54	63	47	14.53 
1	1331170	106	54	72	51	14.67 
1	1331222	78	40	80	57	14.67 
1	1331274	69	34	87	62	14.60 
1	1331326	65	34	95	67	14.46 
1	1331379	65	33	98	69	14.32 
1	1331431	69	35	103	73	14.25 
1	1331483	92	51	104	74	14.39 
1	1331535	110	57	101	71	14.53 
1	1331588	114	60	100	70	14.53 
1	1331640	114	59	100	69	14.60 
1	1331692	115	55	100	68	14.46 
1	1331744	110	59	70	51	14.39 
1	1331796	104	53	42	30	14.32 
1	1331849	95	48	15	11	14.46 
1	1331901	88	46	5	3	14.74 
1	1331953	83	42	3	3	14.89 
1	1332005	82	42	4	2	14.89 
1	1332058	88	41	8	5	14.74 
1	1332110	97	49	30	20	14.60 
1	1332161	109	55	50	38	14.46 
1	1332213	118	57	63	44	14.32 
1	1332265	120	60	70	48	14.32 
1	1332318	123	62	74	52	14.46 
1	1332370	128	64	82	61	14.53 
1	1332422	130	66	85	60	14.60 
1	1332474	130	66	87	61	14.53 
1	1332527	129	65	87	61	14.32 
1	1332579	128	65	88	62	14.18 
1	1332631	123	63	86	61	14.18 
1	1332683	124	63	87	62	14.32 
1	1332736	125	64	90	64	14.53 
1	1332788	129	65	90	64	14.67 
1	1332840	130	66	91	65	14.67 
1	1332892	129	66	92	64	14.53 
1	1332944	128	66	92	65	14.39 
1	1332997	128	65	92	65	14.25 
1	1333049	128	65	93	66	14.32 
1	1333101	129	66	94	67	14.39 
1	1333153	130	66	95	67	14.53 
1	1333206	128	67	95	67	14.60 
1	1333258	130	70	95	70	14.60 
1	1333310	130	67	96	69	14.46 
1	1333362	130	69	96	69	14.32 
1	1333414	128	65	96	69	14.25 
1	1333467	129	65	96	69	14.25 
1	1333519	131	67	98	69	14.39 
1	1333571	131	69	100	69	14.46 
1	1333623	134	69	100	71	14.60 
1	1333676	132	69	100	70	14.46 
1	1333728	132	70	100	70	14.32 
1	1333780	131	70	100	70	14.25 
1	1333832	131	70	100	70	14.25 
1	1333884	131	67	100	70	14.25 
1	1333937	130	71	100	70	14.39 
1	1333989	130	67	100	70	14.53 
1	1334041	130	66	100	70	14.53 
1	1334093	128	65	100	69	14.53 
1	1334146	124	63	97	69	14.39 
1	1334198	122	62	97	68	14.25 
1	1334250	122	62	97	69	14.25 
1	1334302	122	63	100	68	14.32 
1	1334354	124	63	100	70	14.46 
1	1334407	124	67	100	70	14.53 
1	1334459	127	64	100	69	14.53 
1	1334511	127	64	100	69	14.46 
1	1334563	127	65	100	69	14.18 
1	1334616	125	65	100	70	14.18 
1	1334668	124	64	100	69	14.25 
1	1334720	126	64	100	69	14.39 
1	1334772	126	64	100	69	14.53 
1	1334824	127	64	100	68	14.60 
1	1334877	126	63	98	69	14.53 
1	1334929	125	63	98	69	14.39 
1	1334981	125	64	100	68	14.25 
1	1335033	126	64	100	69	14.25 
1	1335086	126	62	100	69	14.25 
1	1335138	126	64	100	69	14.32 
1	1335191	127	65	100	70	14.60 
1	1335243	127	64	100	70	14.60 
1	1335296	128	64	100	71	14.53 
1	1335348	127	65	100	71	14.32 
1	1335400	125	61	98	69	14.18 
1	1335452	124	63	98	69	14.25 
1	1335504	125	63	98	69	14.32 
1	1335557	124	63	98	69	14.53 
1	1335609	126	64	100	69	14.60 
1	1335661	126	64	100	69	14.60 
1	1335713	127	63	100	70	14.39 
1	1335766	127	64	100	70	14.32 
1	1335818	127	65	100	70	14.25 
1	1335870	127	64	100	70	14.32 
1	1335922	126	64	100	69	14.39 
1	1335974	124	64	100	68	14.53 
1	1336027	127	63	100	68	14.53 
1	1336079	126	64	100	68	14.46 
1	1336131	125	63	100	68	14.32 
1	1336183	127	63	100	68	14.25 
1	1336236	127	63	100	68	14.25 
1	1336288	127	64	100	68	14.25 
1	1336340	127	64	100	68	14.46 
1	1336392	127	64	100	68	14.53 
1	1336444	124	64	100	68	14.53 
1	1336497	127	64	100	68	14.46 
1	1336549	127	64	100	68	14.32 
1	1336601	127	63	100	68	14.25 
1	1336653	127	64	100	68	14.25 
1	1336706	127	63	100	69	14.39 
1	1336758	126	64	100	68	14.53 
1	1336810	126	64	100	68	14.53 
1	1336862	126	64	100	68	14.53 
1	1336914	127	63	100	68	14.39 
1	1336967	126	64	100	69	14.25 
1	1337019	126	64	100	68	14.25 
1	1337071	126	64	100	69	14.25 
1	1337124	126	64	100	69	14.46 
1	1337177	126	64	100	69	14.53 
1	1337229	127	63	100	68	14.53 
1	1337281	127	63	100	69	14.46 
1	1337333	127	63	100	68	14.32 
1	1337385	126	64	100	68	14.18 
1	1337438	126	63	100	68	14.18 
1	1337490	125	63	98	69	14.32 
1	1337542	125	63	98	69	14.46 
1	1337594	125	63	98	69	14.53 
1	1337647	125	63	98	69	14.46 
1	1337699	125	63	98	69	14.39 
1	1337751	125	63	98	69	14.25 
1	1337803	125	61	98	69	14.18 
1	1337856	124	63	98	69	14.25 
1	1337908	125	62	98	69	14.39 
1	1337960	124	63	98	69	14.53 
1	1338012	123	63	98	69	14.53 
1	1338064	123	62	97	69	14.53 
1	1338117	123	61	97	69	14.39 
1	1338169	123	61	97	69	14.25 
1	1338221	123	62	97	69	14.18 
1	1338272	123	62	97	69	14.32 
1	1338324	122	62	97	69	14.46 
1	1338377	122	62	97	69	14.60 
1	1338429	123	62	97	69	14.60 
1	1338481	122	62	97	69	14.53 
1	1338533	122	62	97	69	14.39 
1	1338586	122	61	97	68	14.18 
1	1338638	122	61	97	68	14.25 
1	1338690	122	60	97	68	14.39 
1	1338742	121	62	97	68	14.53 
1	1338795	121	61	97	68	14.60 
1	1338847	121	61	96	69	14.60 
1	1338899	121	60	97	68	14.53 
1	1338951	121	60	96	69	14.39 
1	1339003	121	61	97	68	14.25 
1	1339056	121	60	97	68	14.25 
1	1339108	121	60	97	68	14.39 
1	1339160	119	61	97	68	14.53 
1	1339212	121	61	97	68	14.60 
1	1339265	122	61	97	68	14.53 
1	1339317	122	61	97	69	14.39 
1	1339369	122	61	98	69	14.32 
1	1339421	122	61	98	69	14.25 
1	1339473	122	62	98	69	14.32 
1	1339526	122	61	98	69	14.39 
1	1339578	123	61	100	68	14.53 
1	1339630	122	61	100	68	14.60 
1	1339682	122	62	100	68	14.60 
1	1339735	121	60	97	69	14.39 
1	1339787	121	61	98	68	14.32 
1	1339839	121	61	98	69	14.32 
1	1339891	121	60	97	69	14.39 
1	1339943	120	61	98	69	14.46 
1	1339996	120	61	98	69	14.60 
1	1340048	121	61	98	69	14.60 
1	1340100	121	60	100	67	14.53 
1	1340152	118	60	100	68	14.39 
1	1340205	120	60	100	67	14.25 
1	1340257	119	61	100	68	14.32 
1	1340309	119	61	100	67	14.39 
1	1340361	119	61	100	67	14.53 
1	1340413	119	61	100	67	14.60 
1	1340466	119	60	100	67	14.60 
1	1340518	119	60	98	69	14.46 
1	1340570	118	61	98	69	14.32 
1	1340622	119	60	98	69	14.25 
1	1340675	119	60	100	68	14.32 
1	1340727	119	61	100	68	14.46 
1	1340779	120	60	100	68	14.60 
1	1340831	119	61	100	67	14.67 
1	1340883	119	60	100	67	14.53 
1	1340936	118	61	100	67	14.39 
1	1340988	119	60	100	67	14.32 
1	1341040	119	61	100	68	14.25 
1	1341092	119	61	100	68	14.39 
1	1341145	120	60	100	68	14.46 
1	1341197	119	61	100	68	14.53 
1	1341249	119	61	100	68	14.60 
1	1341301	120	60	100	68	14.53 
1	1341353	119	60	100	68	14.32 
1	1341407	119	61	100	68	14.25 
1	1341459	119	61	100	68	14.25 
1	1341511	120	60	100	69	14.39 
1	1341563	120	60	100	69	14.53 
1	1341616	120	61	100	70	14.60 
1	1341668	120	61	100	71	14.53 
1	1341720	120	60	100	71	14.39 
1	1341772	120	60	100	71	14.32 
1	1341825	120	60	100	69	14.25 
1	1341877	118	60	100	69	14.32 
1	1341929	118	60	100	69	14.46 
1	1341981	118	60	100	69	14.60 
1	1342033	118	60	100	70	14.67 
1	1342086	118	60	100	70	14.53 
1	1342138	119	60	100	71	14.39 
1	1342190	119	60	100	71	14.32 
1	1342242	119	60	100	71	14.32 
1	1342295	119	60	100	71	14.39 
1	1342347	120	60	101	71	14.53 
1	1342399	119	60	101	71	14.60 
1	1342451	120	60	101	72	14.60 
1	1342503	120	60	102	74	14.46 
1	1342556	120	60	102	74	14.32 
1	1342608	120	61	102	71	14.25 
1	1342660	120	60	101	72	14.32 
1	1342712	120	60	102	74	14.46 
1	1342765	121	60	102	74	14.60 
1	1342817	121	61	101	72	14.60 
1	1342869	120	61	101	71	14.53 
1	1342921	121	60	100	71	14.39 
1	1342973	119	61	100	71	14.25 
1	1343026	120	62	101	71	14.25 
1	1343079	120	61	101	71	14.32 
1	1343131	121	61	101	71	14.46 
1	1343183	120	60	101	72	14.60 
1	1343236	120	60	101	71	14.60 
1	1343288	119	60	100	71	14.46 
1	1343340	117	60	100	71	14.32 
1	1343392	119	61	101	71	14.25 
1	1343444	120	60	101	71	14.25 
1	1343497	121	61	101	71	14.39 
1	1343549	119	60	100	70	14.53 
1	1343601	118	60	100	71	14.60 
1	1343653	117	61	100	71	14.53 
1	1343706	119	60	100	71	14.46 
1	1343758	119	60	100	71	14.32 
1	1343810	121	61	100	71	14.32 
1	1343862	120	60	100	69	14.32 
1	1343915	120	60	100	69	14.53 
1	1343967	118	57	97	68	14.60 
1	1344019	118	59	100	68	14.67 
1	1344071	118	58	100	68	14.53 
1	1344123	118	59	100	70	14.39 
1	1344176	118	61	100	71	14.25 
1	1344228	118	60	83	60	14.25 
1	1344280	122	61	66	46	14.39 
1	1344332	120	61	43	30	14.53 
1	1344385	120	60	22	16	14.60 
1	1344437	126	64	11	8	14.60 
1	1344489	128	66	7	5	14.46 
1	1344541	128	65	6	5	14.32 
1	1344593	129	65	5	3	14.25 
1	1344646	129	66	5	3	14.25 
1	1344698	127	65	6	5	14.32 
1	1344749	124	60	22	15	14.46 
1	1344801	125	63	57	42	14.53 
1	1344854	126	63	66	47	14.53 
1	1344906	125	63	70	51	14.39 
1	1344958	118	58	70	46	14.25 
1	1345010	108	55	64	46	14.25 
1	1345062	104	51	71	50	14.25 
1	1345115	104	53	78	55	14.39 
1	1345167	92	46	81	57	14.53 
1	1345219	84	42	83	60	14.60 
1	1345271	79	40	84	59	14.60 
1	1345324	73	42	87	61	14.39 
1	1345376	69	35	88	62	14.32 
1	1345428	75	39	94	67	14.25 
1	1345480	96	48	107	75	14.32 
1	1345532	112	60	102	74	14.39 
1	1345585	118	57	97	68	14.53 
1	1345637	118	56	96	69	14.60 
1	1345689	118	57	95	67	14.53 
1	1345741	118	58	95	66	14.39 
1	1345794	111	56	90	61	14.32 
1	1345846	105	52	67	47	14.32 
1	1345898	98	49	40	26	14.39 
1	1345950	88	44	17	11	14.46 
1	1346002	83	43	11	8	14.60 
1	1346055	88	42	17	12	14.60 
1	1346106	99	50	51	37	14.53 
1	1346158	106	53	70	51	14.39 
1	1346210	111	56	57	42	14.25 
1	1346263	109	55	24	17	14.32 
1	1346315	106	54	7	5	14.39 
1	1346367	110	56	4	3	14.46 
1	1346419	113	60	4	3	14.53 
1	1346471	119	62	11	7	14.53 
1	1346524	130	66	46	33	14.39 
1	1346576	126	64	66	47	14.32 
1	1346628	128	65	74	51	14.25 
1	1346680	118	55	74	53	14.25 
1	1346733	101	51	70	51	14.32 
1	1346785	90	46	61	44	14.53 
1	1346837	88	44	58	41	14.67 
1	1346889	87	40	56	40	14.53 
1	1346941	81	41	54	37	14.53 
1	1346994	88	44	57	42	14.18 
1	1347046	92	49	63	44	14.11 
1	1347097	94	49	65	46	14.04 
1	1347149	102	52	71	50	14.18 
1	1347202	111	58	81	57	14.32 
1	1347254	112	58	90	64	14.60 
1	1347306	118	56	100	68	14.53 
1	1347358	111	60	100	70	14.32 
1	1347410	88	43	101	72	14.25 
1	1347463	68	34	100	68	14.18 
1	1347515	60	30	100	70	14.18 
1	1347567	62	32	101	72	14.32 
1	1347619	84	44	106	74	14.39 
1	1347672	137	70	111	77	14.46 
1	1347724	148	79	114	81	14.39 
1	1347776	151	80	117	82	14.25 
1	1347828	149	81	114	81	14.18 
1	1347881	148	79	114	80	14.04 
1	1347934	148	76	112	79	14.18 
1	1347986	149	75	110	78	14.39 
1	1348038	143	75	83	60	14.53 
1	1348090	143	73	65	46	14.53 
1	1348143	140	72	46	33	14.46 
1	1348195	139	71	25	19	14.32 
1	1348247	140	72	17	11	14.25 
1	1348299	141	73	15	10	14.25 
1	1348352	143	72	14	10	14.32 
1	1348404	141	72	23	16	14.46 
1	1348456	148	73	60	41	14.53 
1	1348507	148	74	77	55	14.46 
1	1348559	146	74	83	60	14.32 
1	1348612	142	76	86	61	14.18 
1	1348664	143	72	90	61	14.11 
1	1348716	140	72	90	64	14.18 
1	1348768	132	70	90	64	14.32 
1	1348820	101	51	91	64	14.46 
1	1348873	88	45	91	64	14.53 
1	1348925	82	42	90	64	14.53 
1	1348977	75	38	90	64	14.46 
1	1349029	72	34	91	65	14.32 
1	1349082	71	36	93	65	14.32 
1	1349134	77	37	96	69	14.25 
1	1349186	88	44	100	69	14.39 
1	1349238	90	46	101	71	14.53 
1	1349291	88	45	101	71	14.60 
1	1349343	98	49	103	73	14.53 
1	1349395	135	69	105	74	14.39 
1	1349447	148	75	107	75	14.25 
1	1349499	151	80	107	76	14.25 
1	1349552	150	79	107	76	14.32 
1	1349604	151	78	108	75	14.46 
1	1349656	155	78	107	76	14.60 
1	1349708	149	77	73	52	14.60 
1	1349761	148	76	61	43	14.53 
1	1349813	148	75	45	32	14.46 
1	1349865	147	78	21	15	14.32 
1	1349917	151	80	14	10	14.32 
1	1349969	152	78	11	8	14.46 
1	1350022	152	80	12	10	14.53 
1	1350074	153	78	21	14	14.60 
1	1350126	154	82	57	42	14.53 
1	1350178	157	81	80	54	14.46 
1	1350231	158	80	85	60	14.25 
1	1350283	156	80	90	64	14.25 
1	1350335	157	81	92	65	14.32 
1	1350387	157	80	94	66	14.39 
1	1350439	151	80	95	67	14.60 
1	1350492	121	61	96	69	14.67 
1	1350544	95	49	97	68	14.67 
1	1350596	84	43	100	69	14.53 
1	1350648	79	41	101	71	14.39 
1	1350701	76	37	102	74	14.32 
1	1350753	74	40	103	73	14.32 
1	1350805	74	38	104	73	14.46 
1	1350857	75	38	105	74	14.60 
1	1350909	75	39	106	74	14.60 
1	1350962	76	39	107	75	14.53 
1	1351014	76	39	107	76	14.39 
1	1351066	76	39	108	76	14.25 
1	1351117	77	39	110	77	14.25 
1	1351170	77	38	110	77	14.32 
1	1351222	77	40	110	77	14.32 
1	1351274	77	40	110	77	14.60 
1	1351326	78	40	110	77	14.60 
1	1351378	78	40	110	78	14.53 
1	1351431	78	41	111	78	14.32 
1	1351483	79	38	111	78	14.25 
1	1351535	79	40	111	79	14.25 
1	1351587	79	41	112	79	14.39 
1	1351640	80	41	112	79	14.53 
1	1351692	80	41	112	79	14.60 
1	1351744	79	41	112	79	14.60 
1	1351796	78	41	112	79	14.53 
1	1351848	78	40	112	80	14.39 
1	1351901	78	40	113	80	14.25 
1	1351953	118	59	115	83	14.32 
1	1352005	150	76	116	82	14.46 
1	1352057	155	81	117	82	14.60 
1	1352110	160	83	117	83	14.67 
1	1352162	158	81	74	52	14.60 
1	1352214	153	81	57	40	14.39 
1	1352266	153	79	42	29	14.32 
1	1352318	154	79	30	21	14.32 
1	1352371	153	79	27	19	14.39 
1	1352423	157	80	27	19	14.46 
1	1352475	156	81	26	18	14.60 
1	1352527	157	79	25	19	14.67 
1	1352580	157	80	26	18	14.53 
1	1352632	155	79	26	18	14.39 
1	1352684	154	82	26	19	14.32 
1	1352736	156	80	25	19	14.25 
1	1352788	154	82	24	17	14.39 
1	1352841	155	79	24	17	14.53 
1	1352893	155	79	23	17	14.60 
1	1352945	155	79	23	16	14.60 
1	1352997	155	79	24	16	14.53 
1	1353050	155	79	23	16	14.32 
1	1353102	155	79	24	17	14.25 
1	1353154	153	81	24	17	14.32 
1	1353206	153	82	24	17	14.46 
1	1353259	156	79	24	17	14.60 
1	1353311	155	80	24	17	14.67 
1	1353363	156	79	24	20	14.67 
1	1353415	155	80	25	19	14.53 
1	1353467	154	81	26	18	14.39 
1	1353520	154	81	37	29	14.32 
1	1353572	160	82	78	55	14.39 
1	1353624	166	85	90	61	14.53 
1	1353676	169	89	95	66	14.67 
1	1353729	167	88	100	68	14.67 
1	1353781	166	85	100	71	14.60 
1	1353833	164	86	101	71	14.46 
1	1353885	164	84	103	73	14.32 
1	1353937	157	81	104	73	14.25 
1	1353990	158	80	104	74	14.39 
1	1354042	156	80	105	74	14.53 
1	1354094	153	81	106	74	14.60 
1	1354146	154	81	107	75	14.60 
1	1354199	156	79	110	77	14.46 
1	1354251	155	78	110	77	14.32 
1	1354303	156	79	110	77	14.18 
1	1354355	156	79	110	77	14.25 
1	1354407	155	79	110	77	14.32 
1	1354460	152	80	110	77	14.53 
1	1354512	153	78	110	78	14.60 
1	1354564	151	79	110	78	14.53 
1	1354616	148	76	110	77	14.39 
1	1354669	148	75	110	77	14.32 
1	1354721	148	71	110	77	14.18 
1	1354773	152	80	110	78	14.25 
1	1354825	150	79	112	78	14.32 
1	1354877	152	79	113	79	14.39 
1	1354930	151	81	113	79	14.46 
1	1354982	152	81	113	79	14.39 
1	1355034	156	79	113	80	14.25 
1	1355086	158	81	114	81	14.11 
1	1355140	160	81	114	80	14.18 
1	1355192	159	81	114	81	14.32 
1	1355244	156	80	115	83	14.46 
1	1355296	154	82	115	83	14.53 
1	1355348	152	80	115	83	14.53 
1	1355401	153	79	115	83	14.39 
1	1355453	153	82	116	82	14.32 
1	1355505	155	80	116	82	14.25 
1	1355557	152	80	114	80	14.25 
1	1355610	152	79	115	80	14.46 
1	1355662	155	79	115	83	14.60 
1	1355714	154	81	116	82	14.60 
1	1355766	154	81	115	83	14.53 
1	1355819	156	79	115	83	14.39 
1	1355871	156	79	115	83	14.32 
1	1355923	156	79	116	82	14.39 
1	1355975	154	82	116	82	14.46 
1	1356027	154	81	116	82	14.67 
1	1356080	156	79	115	83	14.74 
1	1356132	153	81	115	83	14.82 
1	1356184	155	79	115	83	14.67 
1	1356236	152	80	115	83	14.46 
1	1356289	153	78	115	83	14.39 
1	1356341	155	80	116	82	14.39 
1	1356393	156	80	116	82	14.53 
1	1356445	155	80	116	82	14.67 
1	1356497	153	80	116	82	14.67 
1	1356550	153	78	116	82	14.53 
1	1356602	148	76	114	81	14.39 
1	1356654	148	72	113	80	14.25 
1	1356706	125	64	101	71	14.18 
1	1356759	118	57	88	62	14.32 
1	1356811	120	61	92	65	14.46 
1	1356863	120	60	91	65	14.46 
1	1356915	120	61	91	64	14.53 
1	1356967	121	60	91	64	14.39 
1	1357020	118	59	90	61	14.32 
1	1357072	118	59	90	61	14.25 
1	1357124	118	59	84	59	14.32 
1	1357176	129	72	84	60	14.39 
1	1357229	148	73	93	66	14.53 
1	1357281	139	69	80	57	14.60 
1	1357333	126	64	67	47	14.46 
1	1357385	121	61	65	46	14.32 
1	1357437	114	57	76	56	14.18 
1	1357490	111	57	81	58	14.18 
1	1357542	113	59	82	58	14.25 
1	1357594	110	59	82	58	14.39 
1	1357646	111	57	82	58	14.46 
1	1357699	110	56	80	54	14.53 
1	1357751	108	54	84	59	14.46 
1	1357803	94	49	84	59	14.32 
1	1357855	93	48	86	60	14.18 
1	1357907	93	49	86	61	14.18 
1	1357960	95	50	90	64	14.32 
1	1358012	126	65	100	69	14.46 
1	1358064	123	63	98	68	14.53 
1	1358116	126	63	98	69	14.60 
1	1358169	124	62	94	67	14.46 
1	1358221	120	60	90	64	14.25 
1	1358273	121	61	91	64	14.18 
1	1358325	120	61	90	64	14.18 
1	1358377	119	60	90	61	14.32 
1	1358430	118	60	90	61	14.46 
1	1358482	118	60	88	62	14.53 
1	1358534	118	58	87	61	14.53 
1	1358586	118	60	87	61	14.46 
1	1358639	118	57	87	61	14.25 
1	1358691	118	58	86	60	14.18 
1	1358743	118	59	87	61	14.25 
1	1358795	118	59	87	61	14.39 
1	1358848	118	54	86	62	14.53 
1	1358900	118	55	85	59	14.53 
1	1358952	114	59	85	61	14.53 
1	1359004	113	60	85	60	14.39 
1	1359056	114	60	86	61	14.25 
1	1359109	113	59	85	61	14.25 
1	1359161	113	59	85	59	14.25 
1	1359212	113	60	85	60	14.39 
1	1359264	111	56	82	61	14.53 
1	1359316	118	60	88	62	14.53 
1	1359369	123	62	95	66	14.46 
1	1359421	126	66	100	71	14.25 
1	1359473	133	67	104	74	14.11 
1	1359526	133	71	106	75	14.11 
1	1359579	135	70	107	76	14.11 
1	1359631	136	69	107	76	14.39 
1	1359683	137	69	107	75	14.53 
1	1359735	137	70	107	75	14.53 
1	1359788	138	70	107	75	14.39 
1	1359840	138	71	107	76	14.18 
1	1359892	140	71	107	76	14.04 
1	1359944	137	74	108	76	14.25 
1	1359996	141	71	107	76	14.39 
1	1360049	140	71	107	76	14.53 
1	1360101	139	72	107	76	14.60 
1	1360153	140	71	107	75	14.60 
1	1360205	141	72	107	76	14.39 
1	1360258	142	72	107	76	14.32 
1	1360310	142	73	108	76	14.32 
1	1360362	140	72	108	76	14.39 
1	1360414	143	73	110	75	14.53 
1	1360466	142	73	110	77	14.60 
1	1360519	144	74	110	77	14.53 
1	1360571	142	76	110	77	14.46 
1	1360623	144	74	110	77	14.32 
1	1360675	144	74	110	77	14.32 
1	1360728	142	76	110	77	14.39 
1	1360780	141	74	110	77	14.39 
1	1360832	141	74	110	77	14.39 
1	1360884	143	74	110	77	14.46 
1	1360936	141	76	110	77	14.46 
1	1360989	144	74	110	77	14.25 
1	1361041	144	74	110	77	14.18 
1	1361093	142	74	110	77	14.18 
1	1361145	148	72	110	77	14.25 
1	1361199	148	71	110	77	14.39 
1	1361251	146	72	110	77	14.46 
1	1361303	146	74	110	77	14.46 
1	1361355	148	72	110	77	14.39 
1	1361408	148	73	110	78	14.18 
1	1361460	148	73	110	78	14.11 
1	1361512	146	72	110	77	14.18 
1	1361564	147	72	110	77	14.32 
1	1361616	145	74	110	77	14.46 
1	1361669	144	74	110	77	14.46 
1	1361721	141	73	107	76	14.39 
1	1361773	143	73	108	76	14.32 
1	1361825	143	73	110	74	14.18 
1	1361878	143	73	108	76	14.18 
1	1361930	141	73	108	75	14.25 
1	1361982	141	73	108	75	14.39 
1	1362034	143	74	108	75	14.46 
1	1362086	144	73	108	76	14.46 
1	1362139	142	74	108	76	14.39 
1	1362191	144	74	108	76	14.25 
1	1362243	142	76	108	76	14.18 
1	1362295	144	73	108	76	14.25 
1	1362348	144	74	108	76	14.32 
1	1362400	143	74	108	76	14.39 
1	1362452	142	74	107	76	14.53 
1	1362504	144	74	108	76	14.53 
1	1362556	144	73	108	76	14.39 
1	1362609	144	74	108	76	14.11 
1	1362661	144	73	108	76	14.18 
1	1362713	144	73	108	76	14.25 
1	1362765	142	76	110	74	14.39 
1	1362819	144	74	110	76	14.46 
1	1362871	142	76	110	77	14.46 
1	1362923	144	74	110	77	14.39 
1	1362975	144	74	110	77	14.25 
1	1363027	144	74	110	77	14.25 
1	1363080	148	72	110	77	14.25 
1	1363132	148	73	110	77	14.39 
1	1363184	146	75	110	77	14.46 
1	1363236	146	75	110	77	14.67 
1	1363289	148	76	110	77	14.74 
1	1363341	148	76	110	77	14.67 
1	1363393	146	81	110	77	14.67 
1	1363445	148	76	110	77	14.67 
1	1363497	148	76	110	77	14.67 
1	1363550	148	76	110	77	14.82 
1	1363602	148	75	110	77	14.82 
1	1363654	146	78	110	78	14.82 
1	1363706	149	76	111	78	14.74 
1	1363759	150	76	111	78	14.67 
1	1363811	149	80	111	78	14.60 
1	1363863	150	81	111	79	14.60 
1	1363915	150	79	112	78	14.67 
1	1363968	148	83	112	79	14.74 
1	1364020	151	80	112	80	14.82 
1	1364072	150	77	113	79	14.74 
1	1364124	147	77	112	80	14.60 
1	1364176	147	76	112	80	14.46 
1	1364229	149	76	113	79	14.32 
1	1364281	147	78	113	79	14.32 
1	1364333	146	78	112	79	14.32 
1	1364385	148	74	111	78	14.39 
1	1364438	148	73	111	78	14.32 
1	1364491	148	73	111	77	14.18 
1	1364543	148	73	110	78	14.04 
1	1364595	148	73	110	78	13.97 
1	1364647	148	75	111	78	13.89 
1	1364700	149	76	111	78	13.97 
1	1364752	149	77	111	78	14.11 
1	1364804	150	81	111	79	14.25 
1	1364856	148	82	112	79	14.25 
1	1364909	149	82	112	80	14.18 
1	1364961	148	82	113	80	14.04 
1	1365013	148	82	113	80	13.97 
1	1365065	150	78	113	79	14.04 
1	1365117	150	77	112	79	14.11 
1	1365170	150	81	112	79	14.25 
1	1365222	150	77	112	79	14.32 
1	1365274	150	76	112	79	14.32 
1	1365326	149	79	112	79	14.18 
1	1365379	149	76	112	79	14.11 
1	1365431	148	76	112	79	14.11 
1	1365483	149	76	112	80	14.18 
1	1365535	149	76	112	79	14.32 
1	1365587	147	79	112	79	14.39 
1	1365640	150	76	112	80	14.39 
1	1365692	150	79	113	79	14.39 
1	1365744	150	81	113	79	14.25 
1	1365796	150	81	113	80	14.18 
1	1365849	149	79	113	80	14.18 
1	1365901	149	79	113	80	14.32 
1	1365953	151	80	113	79	14.46 
1	1366005	149	79	113	79	14.53 
1	1366057	151	78	113	79	14.39 
1	1366111	151	79	113	79	14.32 
1	1366163	151	79	113	79	14.25 
1	1366215	150	77	113	80	14.18 
1	1366267	151	79	113	80	14.25 
1	1366320	148	81	113	79	14.39 
1	1366372	150	80	113	79	14.53 
1	1366424	151	81	113	80	14.46 
1	1366476	158	81	120	85	14.46 
1	1366529	166	86	130	90	14.32 
1	1366581	178	91	137	97	14.25 
1	1366633	189	98	146	103	14.25 
1	1366685	206	106	156	109	14.32 
1	1366737	224	117	167	119	14.46 
1	1366790	249	131	183	129	14.53 
1	1366842	278	146	194	137	14.53 
1	1366894	308	163	202	143	14.46 
1	1366947	339	183	212	151	14.46 
1	1367000	354	183	216	153	14.32 
1	1367052	384	199	221	155	14.39 
1	1367104	409	214	227	161	14.53 
1	1367156	421	221	234	165	14.67 
1	1367208	425	221	242	170	14.67 
1	1367261	421	222	267	189	14.46 
1	1367313	419	218	280	194	14.18 
1	1367366	417	221	294	207	13.97 
1	1367418	404	210	320	223	13.89 
1	1367471	385	204	343	241	14.11 
1	1367523	388	203	350	248	14.18 
1	1367575	399	208	371	262	14.25 
1	1367627	398	209	380	266	14.11 
1	1367680	402	209	390	274	14.04 
1	1367732	404	209	402	284	13.97 
1	1367785	406	210	415	294	14.04 
1	1367837	408	211	438	310	14.18 
1	1367889	408	213	448	316	14.32 
1	1367942	410	212	450	320	14.46 
1	1367994	410	214	453	321	14.39 
1	1368046	414	213	460	325	14.18 
1	1368098	410	214	462	327	14.11 
1	1368152	413	213	464	328	14.11 
1	1368204	414	211	466	330	14.18 
1	1368256	414	210	478	338	14.32 
1	1368308	414	214	492	348	14.39 
1	1368360	414	214	506	359	14.39 
1	1368413	414	214	514	366	14.32 
1	1368465	414	216	520	367	14.18 
1	1368517	414	215	524	371	14.18 
1	1368570	414	215	526	371	14.32 
1	1368623	414	216	525	371	14.46 
1	1368675	414	218	524	371	14.67 
1	1368727	414	215	527	375	14.67 
1	1368779	414	216	530	375	14.53 
1	1368832	416	218	530	373	14.46 
1	1368884	416	220	527	375	14.39 
1	1368936	416	220	525	372	14.46 
1	1368989	416	220	530	372	14.60 
1	1369041	417	219	530	375	14.74 
1	1369094	416	222	530	372	14.74 
1	1369146	413	213	522	369	14.60 
1	1369198	414	213	532	376	14.60 
1	1369250	413	213	534	379	14.60 
1	1369303	409	217	533	380	14.39 
1	1369355	408	214	540	380	14.46 
1	1369408	405	212	542	383	14.67 
1	1369460	406	213	555	393	14.67 
1	1369512	404	212	545	387	14.67 
1	1369565	408	213	550	386	14.53 
1	1369617	404	212	540	381	14.46 
1	1369669	399	209	555	394	14.46 
1	1369721	390	206	507	359	14.53 
1	1369774	342	180	481	341	14.74 
1	1369827	369	196	530	374	14.74 
1	1369879	384	202	524	372	14.60 
1	1369931	386	203	530	375	14.32 
1	1369984	390	205	522	371	14.25 
1	1370036	384	199	513	363	14.25 
1	1370088	377	203	512	364	14.39 
1	1370140	379	199	513	364	14.60 
1	1370192	375	197	511	362	14.89 
1	1370246	369	194	505	358	15.03 
1	1370298	370	196	504	357	15.03 
1	1370350	373	196	506	359	15.03 
1	1370402	377	201	511	362	14.96 
1	1370455	374	199	508	361	15.10 
1	1370507	372	198	506	359	15.24 
1	1370559	375	199	510	359	15.38 
1	1370611	374	196	510	359	15.38 
1	1370664	372	198	510	359	15.24 
1	1370717	375	197	511	362	15.10 
1	1370769	377	201	516	366	14.89 
1	1370821	376	201	513	364	14.60 
1	1370873	372	196	512	363	14.39 
1	1370926	377	203	516	367	14.46 
1	1370978	378	200	516	366	14.60 
1	1371030	375	197	515	365	14.60 
1	1371083	374	196	515	366	14.46 
1	1371136	376	197	521	370	14.39 
1	1371188	371	194	510	361	14.39 
1	1371240	380	199	520	368	14.25 
1	1371292	380	199	525	372	14.32 
1	1371344	376	202	520	371	14.32 
1	1371397	379	199	520	368	14.39 
1	1371449	378	202	518	368	14.32 
1	1371502	388	204	528	374	14.18 
1	1371554	385	203	524	372	14.11 
1	1371607	374	198	510	362	14.25 
1	1371659	379	199	521	370	14.39 
1	1371711	384	198	524	372	14.53 
1	1371763	380	199	518	367	14.39 
1	1371815	383	198	518	367	14.39 
1	1371868	384	202	520	368	14.25 
1	1371921	380	199	517	367	14.25 
1	1371973	376	199	516	367	14.25 
1	1372025	389	204	530	375	14.39 
1	1372078	388	205	515	366	14.53 
1	1372130	380	200	511	363	14.60 
1	1372182	387	203	520	368	14.74 
1	1372234	378	202	514	366	14.74 
1	1372286	390	205	511	363	14.32 
1	1372340	410	215	540	380	14.32 
1	1372392	406	216	551	392	14.46 
1	1372444	378	202	510	362	14.60 
1	1372496	375	197	495	352	14.67 
1	1372549	396	211	520	368	14.53 
1	1372601	399	211	533	380	14.46 
1	1372653	385	204	517	366	14.39 
1	1372705	383	197	510	362	14.32 
1	1372759	388	203	518	367	14.46 
1	1372811	384	201	515	365	14.60 
1	1372863	384	198	511	363	14.67 
1	1372915	384	203	513	364	14.60 
1	1372967	384	203	510	361	14.46 
1	1373020	384	200	507	359	14.39 
1	1373072	389	203	514	366	14.32 
1	1373124	391	206	523	371	14.46 
1	1373177	378	200	512	364	14.82 
1	1373230	394	208	551	392	15.31 
1	1373282	384	199	534	380	21.90 
1	1373334	396	211	516	366	16.30 
1	1373386	398	212	522	371	15.38 
1	1373438	399	210	530	377	15.31 
1	1373491	408	216	531	377	15.17 
1	1373543	414	217	538	381	15.31 
1	1373596	413	214	534	379	15.31 
1	1373648	409	216	534	380	15.31 
1	1373701	408	215	536	380	15.38 
1	1373753	402	213	537	382	15.31 
1	1373805	405	213	534	379	15.38 
1	1373857	407	214	534	379	16.23 
1	1373910	414	215	540	384	18.01 
1	1373962	414	217	546	389	15.45 
1	1374015	414	216	552	394	12.26 
1	1374067	406	216	552	394	11.63 
1	1374119	401	213	542	385	11.41 
1	1374172	401	213	524	372	11.34 
1	1374224	394	207	520	366	11.34 
1	1374276	398	209	520	368	11.63 
1	1374328	391	207	521	371	11.84 
1	1374381	391	207	520	368	12.12 
1	1374434	395	209	520	371	12.62 
1	1374486	395	207	520	371	13.11 
1	1374538	397	210	522	371	13.19 
1	1374590	400	210	522	371	12.90 
1	1374643	406	213	526	376	13.19 
1	1374695	399	212	526	373	13.54 
1	1374747	394	207	514	366	13.97 
1	1374799	384	201	487	346	13.54 
1	1374853	376	204	485	346	13.04 
1	1374905	376	201	488	348	12.83 
1	1374957	377	203	490	349	12.90 
1	1375009	384	198	503	358	13.19 
1	1375062	378	200	501	357	13.47 
1	1375114	384	197	502	356	13.61 
1	1375166	384	202	507	362	13.61 
1	1375218	381	199	502	356	13.40 
1	1375271	384	202	507	359	13.11 
1	1375324	389	202	500	352	13.19 
1	1375376	392	204	512	361	13.19 
1	1375428	406	212	528	374	13.47 
1	1375480	414	215	544	384	13.68 
1	1375533	422	219	560	397	13.82 
1	1375585	429	222	565	399	13.75 
1	1375637	432	225	553	393	13.47 
1	1375690	432	228	561	397	13.33 
1	1375742	410	216	530	372	13.40 
1	1375795	411	216	547	388	13.61 
1	1375847	417	219	566	399	13.82 
1	1375899	405	213	562	397	13.82 
1	1375951	404	214	555	392	13.75 
1	1376004	403	213	557	393	13.54 
1	1376056	406	213	564	398	13.33 
1	1376109	414	213	566	402	13.47 
1	1376161	416	220	573	406	13.75 
1	1376214	425	226	544	386	14.04 
1	1376266	399	209	535	378	14.18 
1	1376318	390	208	531	375	14.04 
1	1376370	407	216	540	381	13.89 
1	1376422	393	208	516	364	13.75 
1	1376475	391	206	521	370	13.61 
1	1376528	402	213	536	378	13.82 
1	1376580	388	205	522	369	14.04 
1	1376632	389	207	516	364	14.46 
1	1376685	392	205	521	370	14.46 
1	1376737	390	208	525	370	14.32 
1	1376789	400	211	530	373	14.11 
1	1376841	397	210	537	380	14.04 
1	1376893	403	213	540	379	14.32 
1	1376947	414	217	547	388	15.10 
1	1376999	408	215	538	379	15.74 
1	1377051	401	212	536	377	16.02 
1	1377103	404	214	545	384	19.57 
1	1377156	414	215	551	389	18.93 
1	1377208	414	217	541	383	18.08 
1	1377260	404	213	538	379	18.08 
1	1377312	414	213	545	385	19.99 
1	1377366	417	221	550	386	20.06 
1	1377418	416	220	547	388	16.94 
1	1377470	417	220	545	384	16.23 
1	1377522	418	222	546	385	15.67 
1	1377574	418	222	546	385	15.17 
1	1377627	420	220	546	385	14.96 
1	1377679	420	221	546	385	14.96 
1	1377731	421	224	547	385	15.10 
1	1377783	421	221	547	388	15.17 
1	1377837	422	221	547	388	14.96 
1	1377889	421	221	546	385	14.67 
1	1377941	422	221	546	385	14.25 
1	1377993	422	223	545	385	13.97 
1	1378045	421	221	545	384	13.89 
1	1378098	421	221	544	385	14.18 
1	1378150	421	222	543	383	14.46 
1	1378202	421	222	540	380	14.67 
1	1378255	416	220	530	373	14.74 
1	1378308	419	223	543	383	14.96 
1	1378360	430	228	550	389	15.24 
1	1378412	428	226	544	385	15.95 
1	1378464	410	215	540	380	17.16 
1	1378516	406	213	524	371	18.01 
1	1378569	415	223	534	379	18.08 
1	1378621	414	215	534	379	17.51 
1	1378674	414	213	533	377	17.01 
1	1378726	414	216	536	379	16.80 
1	1378779	419	220	543	384	16.73 
1	1378831	423	221	550	387	16.73 
1	1378883	424	222	551	389	16.94 
1	1378935	424	222	551	390	16.87 
1	1378988	425	224	552	390	16.52 
1	1379040	424	223	551	390	16.09 
1	1379092	425	223	552	390	15.60 
1	1379145	425	223	551	391	15.31 
1	1379197	425	225	552	390	15.31 
1	1379250	425	225	552	390	15.60 
1	1379302	425	223	551	390	15.81 
1	1379354	425	224	552	390	15.74 
1	1379406	425	226	552	391	15.31 
1	1379459	426	223	552	390	14.82 
1	1379511	426	224	552	391	14.53 
1	1379564	427	223	552	391	14.67 
1	1379616	426	226	553	390	14.96 
1	1379668	426	224	553	393	15.38 
1	1379721	426	224	553	393	15.45 
1	1379773	426	226	553	393	15.17 
1	1379825	426	224	553	393	14.67 
1	1379877	427	224	554	392	14.32 
1	1379930	427	224	554	392	14.32 
1	1379982	427	224	554	392	14.67 
1	1380035	427	223	554	392	15.10 
1	1380087	427	224	554	392	15.31 
1	1380140	426	224	553	393	15.10 
1	1380192	427	223	553	393	14.67 
1	1380244	427	224	554	392	14.32 
1	1380296	427	224	554	393	14.18 
1	1380348	428	224	555	392	14.46 
1	1380401	428	224	555	392	14.89 
1	1380454	427	226	555	392	15.17 
1	1380506	428	224	555	392	15.10 
1	1380558	428	226	555	392	14.67 
1	1380611	428	226	555	393	14.25 
1	1380663	428	224	555	392	14.04 
1	1380715	428	224	555	392	14.25 
1	1380767	428	225	555	394	14.67 
1	1380819	429	224	555	393	15.03 
1	1380873	428	224	555	393	15.03 
1	1380925	428	224	555	393	14.74 
1	1380977	428	224	555	393	14.25 
1	1381029	428	227	556	393	13.97 
1	1381082	429	224	556	394	14.11 
1	1381134	428	225	556	394	14.46 
1	1381186	429	224	556	393	14.60 
1	1381238	429	226	556	393	14.74 
1	1381291	428	225	556	394	14.46 
1	1381344	429	226	557	394	14.04 
1	1381396	429	225	556	394	13.68 
1	1381448	429	224	557	393	13.61 
1	1381500	428	227	556	393	13.97 
1	1381553	429	224	556	393	14.46 
1	1381605	428	226	556	393	14.74 
1	1381657	429	224	557	394	14.60 
1	1381709	429	227	557	394	14.25 
1	1381763	429	225	558	394	13.82 
1	1381815	429	225	557	394	13.61 
