1	36993	360	202	989	523 
1	36995	360	202	989	523 
1	37095	360	202	990	522 
1	37194	360	201	993	519 
1	37295	359	201	985	520 
1	37395	360	202	989	513 
1	37495	360	202	987	524 
1	37595	360	202	982	525 
1	37695	361	201	991	519 
1	37795	361	202	993	519 
1	37896	361	201	988	525 
1	37995	360	202	990	523 
1	38095	360	202	991	524 
1	38196	360	202	992	512 
1	38296	360	202	988	524 
1	38395	361	201	994	521 
1	38496	361	201	994	526 
1	38596	361	202	995	525 
1	38696	361	202	998	526 
1	38796	361	202	993	521 
1	38896	361	202	998	531 
1	38996	361	203	997	532 
1	39097	361	202	993	528 
1	39196	361	202	995	535 
1	39297	361	202	1000	530 
1	39397	361	202	1000	530 
1	39497	361	202	999	521 
1	39597	361	202	995	533 
1	39697	361	202	999	525 
1	39797	361	202	1000	530 
1	39898	361	202	996	517 
1	39997	361	202	999	531 
1	40097	361	203	994	528 
1	40198	359	201	992	527 
1	40298	361	202	992	527 
1	40397	361	202	993	522 
1	40498	359	201	987	517 
1	40598	360	201	986	509 
1	40698	360	202	984	523 
1	40798	360	201	981	520 
1	40898	361	202	987	517 
1	40998	361	202	983	510 
1	41099	361	201	984	518 
1	41198	361	201	982	518 
1	41298	361	202	981	519 
1	41399	361	201	980	518 
1	41499	361	201	980	515 
1	41598	361	201	975	519 
1	41699	361	202	976	515 
1	41799	361	202	975	515 
1	41900	361	202	975	511 
1	41999	361	202	973	511 
1	42099	361	202	968	504 
1	42200	361	201	967	512 
1	42300	361	202	965	510 
1	42399	360	202	960	510 
1	42500	360	201	956	514 
1	42600	361	202	957	511 
1	42700	361	202	952	508 
1	42800	360	202	955	501 
1	42900	361	202	955	491 
1	43000	361	202	953	498 
1	43101	361	202	947	498 
1	43200	361	202	939	501 
1	43300	361	202	942	498 
1	43401	361	202	935	497 
1	43501	361	202	934	493 
1	43600	361	202	929	494 
1	43701	361	202	926	490 
1	43801	361	202	925	478 
1	43901	361	201	920	483 
1	44001	360	201	907	487 
1	44101	361	202	905	488 
1	44201	362	201	908	482 
1	44302	361	202	896	485 
1	44401	361	202	901	479 
1	44502	361	202	889	478 
1	44602	360	202	887	461 
1	44702	361	202	883	472 
1	44802	361	202	880	467 
1	44902	361	202	871	473 
1	45002	361	201	871	460 
1	45103	361	202	866	458 
1	45202	361	201	859	458 
1	45302	361	201	850	458 
1	45403	361	202	847	453 
1	45503	361	201	844	447 
1	45602	361	202	840	445 
1	45703	361	201	832	445 
1	45803	361	203	817	435 
1	45903	361	203	818	436 
1	46003	361	202	811	436 
1	46103	361	202	803	434 
1	46203	361	202	795	428 
1	46304	361	201	788	428 
1	46403	361	202	787	425 
1	46503	361	203	774	425 
1	46604	362	202	775	413 
1	46704	361	202	765	406 
1	46803	362	202	761	408 
1	46904	361	201	754	404 
1	47004	361	202	746	400 
1	47105	360	201	736	402 
1	47204	362	202	734	384 
1	47304	361	202	722	394 
1	47405	362	202	717	394 
1	47505	361	202	708	388 
1	47604	361	203	704	381 
1	47705	361	202	695	380 
1	47805	361	203	684	379 
1	47905	361	202	679	373 
1	48005	362	202	669	377 
1	48105	361	202	668	363 
1	48205	362	202	662	360 
1	48306	361	203	653	358 
1	48405	362	202	646	353 
1	48505	361	202	635	353 
1	48606	361	201	634	344 
1	48706	361	202	622	343 
1	48805	361	202	610	347 
1	48906	361	202	609	334 
1	49006	361	201	600	332 
1	49008	361	201	600	332 
1	49110	361	201	588	335 
1	49209	360	202	592	329 
1	49309	361	202	600	326 
1	49410	361	202	608	339 
1	49510	361	202	617	341 
1	49609	361	203	619	347 
1	49710	361	202	634	334 
1	49810	361	202	631	356 
1	49910	361	203	641	356 
1	50010	360	201	651	354 
1	50110	361	201	657	358 
1	50210	361	201	663	361 
1	50311	361	202	669	359 
1	50410	361	202	675	372 
1	50510	362	202	685	373 
1	50611	361	202	689	368 
1	50711	362	202	694	383 
1	50810	361	202	703	380 
1	50911	362	202	708	388 
1	51011	361	202	719	391 
1	51111	362	202	723	396 
1	51211	361	202	732	396 
1	51311	361	203	736	404 
1	51411	361	202	747	400 
1	51512	361	203	748	409 
1	51611	361	202	756	410 
1	51712	361	202	765	414 
1	51812	361	201	769	414 
1	51912	362	202	774	425 
1	52012	361	203	780	416 
1	52112	362	202	793	424 
1	52212	362	202	794	433 
1	52313	362	202	804	427 
1	52412	362	202	810	434 
1	52512	362	202	815	440 
1	52613	361	203	820	440 
1	52713	361	203	830	441 
1	52812	361	203	830	447 
1	52913	362	202	840	438 
1	53013	361	201	842	443 
1	53113	362	202	845	450 
1	53213	362	202	856	447 
1	53313	362	203	866	454 
1	53413	362	202	868	460 
1	53514	361	203	873	464 
1	53613	361	202	874	469 
1	53713	362	203	878	473 
1	53814	362	202	886	468 
1	53914	362	203	887	477 
1	54013	361	202	889	477 
1	54114	362	203	897	482 
1	54214	362	203	904	480 
1	54315	362	203	906	482 
1	54414	363	202	913	485 
1	54514	362	203	920	488 
1	54615	362	203	918	480 
1	54715	362	203	926	488 
1	54814	362	203	922	496 
1	54915	362	203	933	480 
1	55015	363	202	936	491 
1	55115	363	203	938	499 
1	55215	363	202	943	497 
1	55315	362	202	945	498 
1	55415	362	202	947	500 
1	55516	363	202	948	504 
1	55615	363	203	954	494 
1	55715	363	202	955	507 
1	55816	363	202	957	507 
1	55916	363	203	960	510 
1	56015	363	203	962	508 
1	56116	362	203	962	511 
1	56216	363	203	967	512 
1	56316	363	203	968	514 
1	56416	363	203	971	511 
1	56516	363	204	971	516 
1	56616	364	203	974	515 
1	56717	363	202	978	513 
1	56816	363	203	977	496 
1	56916	364	203	978	522 
1	57017	363	204	984	517 
1	57117	363	203	983	517 
1	57217	362	202	978	522 
1	57317	363	203	986	517 
1	57417	363	203	985	522 
1	57518	363	204	984	521 
1	57617	363	204	986	522 
1	57717	364	203	986	522 
1	57818	364	203	988	523 
1	57918	364	203	989	522 
1	58017	363	204	990	520 
1	58118	364	204	990	521 
1	58218	363	203	989	521 
1	58318	363	203	992	523 
1	58418	364	203	988	527 
1	58518	364	204	992	523 
1	58618	363	203	992	520 
1	58719	364	203	992	522 
1	58818	364	203	989	524 
1	58918	364	204	991	522 
1	59019	364	203	994	523 
1	59119	363	204	992	520 
1	59218	364	203	992	524 
1	59319	364	203	984	530 
1	59419	364	203	994	521 
1	59520	364	204	988	525 
1	59619	364	203	990	525 
1	59719	364	204	992	513 
1	59820	364	203	994	518 
1	59920	364	204	988	527 
1	60019	364	203	991	525 
1	60120	364	203	993	521 
1	60220	364	203	988	529 
1	60320	365	203	993	521 
1	60420	363	203	990	522 
1	60520	364	204	991	514 
1	60620	363	203	990	525 
1	60721	364	204	992	523 
1	60820	364	204	988	527 
1	60920	364	204	992	525 
1	61021	364	204	989	527 
1	61024	364	204	989	527 
