1	280756	464	257	1000	505 
1	280758	464	257	1000	505 
1	280858	463	257	1001	502 
1	280958	463	257	1001	503 
1	281058	463	256	1002	503 
1	281158	463	257	1007	490 
1	281259	463	257	999	507 
1	281359	463	257	1000	505 
1	281458	463	257	997	508 
1	281559	464	257	1001	502 
1	281659	463	257	1005	502 
1	281759	464	257	1003	500 
1	281859	463	257	1004	503 
1	281959	464	258	1002	504 
1	282059	465	258	1004	505 
1	282160	465	258	1008	499 
1	282259	465	258	1005	505 
1	282359	465	257	1006	502 
1	282460	465	258	1006	503 
1	282560	465	258	1007	505 
1	282660	465	258	1008	501 
1	282760	465	258	1004	500 
1	282860	464	258	1008	501 
1	282960	464	257	1003	503 
1	283061	464	258	1004	499 
1	283160	464	258	1002	501 
1	283260	465	258	999	502 
1	283361	464	258	995	505 
1	283461	465	258	997	503 
1	283560	464	257	998	502 
1	283661	464	257	999	490 
1	283761	463	256	998	499 
1	283862	464	257	987	501 
1	283961	463	257	989	495 
1	284061	464	257	987	497 
1	284162	462	257	981	493 
1	284262	463	256	986	496 
1	284361	464	257	979	495 
1	284462	462	257	983	492 
1	284562	463	257	981	493 
1	284662	463	257	982	491 
1	284762	464	257	978	489 
1	284862	464	257	976	494 
1	284962	464	257	973	497 
1	285063	464	257	978	490 
1	285162	464	257	970	489 
1	285262	464	257	969	490 
1	285363	464	257	972	484 
1	285463	464	257	969	485 
1	285562	463	257	957	480 
1	285663	464	257	962	485 
1	285763	464	257	965	473 
1	285863	464	257	963	482 
1	285963	464	257	959	481 
1	286063	462	256	956	474 
1	286163	464	257	955	477 
1	286264	462	256	952	470 
1	286363	464	256	950	474 
1	286464	464	257	946	471 
1	286564	463	256	939	472 
1	286664	464	257	940	471 
1	286764	465	257	938	472 
1	286864	464	257	933	466 
1	286964	464	257	931	463 
1	287065	464	257	923	467 
1	287164	463	257	920	463 
1	287264	463	257	915	453 
1	287365	463	257	909	457 
1	287465	463	257	905	453 
1	287564	463	256	896	454 
1	287665	462	255	893	446 
1	287765	463	256	889	445 
1	287865	462	256	876	435 
1	287965	462	257	875	441 
1	288065	462	256	867	440 
1	288165	461	255	858	434 
1	288266	462	256	850	438 
1	288365	462	256	850	430 
1	288465	462	256	843	417 
1	288566	461	255	833	423 
1	288666	460	254	825	420 
1	288765	461	256	820	415 
1	288866	461	256	810	414 
1	288966	461	255	805	407 
1	289067	461	256	804	398 
1	289166	460	256	789	400 
1	289266	460	255	780	393 
1	289367	461	255	776	387 
1	289467	460	255	764	392 
1	289566	460	256	755	388 
1	289667	460	255	749	377 
1	289767	460	255	740	376 
1	289867	460	254	730	373 
1	289967	460	255	727	364 
1	290067	460	255	718	360 
1	290167	460	255	703	363 
1	290268	459	255	700	352 
1	290367	459	255	687	352 
1	290467	460	255	684	343 
1	290568	460	254	674	344 
1	290668	458	254	662	335 
1	290767	459	254	655	333 
1	290868	459	254	646	327 
1	290968	458	255	638	322 
1	291068	457	254	627	319 
1	291168	457	254	617	296 
1	291268	457	253	607	311 
1	291368	457	253	595	310 
1	291469	456	253	590	302 
1	291569	456	253	574	293 
1	291668	456	252	571	293 
1	291769	456	252	560	290 
1	291869	457	252	555	286 
1	291970	456	250	539	277 
1	292069	456	252	532	270 
1	292169	456	250	522	270 
1	292270	456	250	517	259 
1	292370	454	251	499	265 
1	292469	456	250	495	259 
1	292570	453	251	488	252 
1	292670	453	251	481	244 
1	292770	453	251	471	242 
1	292774	453	251	471	242 
1	292876	453	251	468	237 
1	292976	452	252	470	242 
1	293076	453	251	483	250 
1	293176	452	252	498	252 
1	293276	452	252	506	250 
1	293377	451	253	510	267 
1	293477	452	252	526	254 
1	293576	452	252	527	275 
1	293677	452	252	542	275 
1	293777	452	252	544	284 
1	293877	450	250	554	287 
1	293977	452	252	566	288 
1	294077	452	252	575	295 
1	294177	453	251	576	304 
1	294278	452	252	591	300 
1	294377	452	252	599	307 
1	294477	451	253	602	314 
1	294578	452	252	615	305 
1	294678	451	250	625	315 
1	294777	451	253	634	323 
1	294878	451	250	643	324 
1	294978	451	250	652	327 
1	295078	449	249	660	329 
1	295178	450	250	666	334 
1	295278	452	252	673	344 
1	295378	451	253	685	343 
1	295479	452	252	691	349 
1	295578	452	252	697	354 
1	295678	453	251	705	350 
1	295779	453	251	715	361 
1	295879	454	251	723	365 
1	295980	454	252	731	369 
1	296079	453	251	737	372 
1	296179	453	252	737	382 
1	296280	453	252	752	378 
1	296380	453	252	757	386 
1	296479	453	251	762	387 
1	296580	456	253	771	395 
1	296680	456	253	781	400 
1	296780	457	253	789	403 
1	296880	457	253	799	402 
1	296980	458	254	802	415 
1	297080	458	254	813	411 
1	297181	459	254	820	417 
1	297280	458	255	831	417 
1	297380	459	255	835	421 
1	297481	458	254	842	414 
1	297581	460	255	847	425 
1	297680	459	256	854	428 
1	297781	460	255	856	432 
1	297881	460	255	857	440 
1	297981	460	255	869	432 
1	298081	460	255	865	446 
1	298181	461	255	880	438 
1	298281	461	255	887	446 
1	298382	460	255	890	449 
1	298481	460	256	899	450 
1	298582	461	255	898	444 
1	298682	462	257	902	463 
1	298782	461	255	910	456 
1	298882	462	257	912	463 
1	298982	463	256	915	465 
1	299082	463	257	922	462 
1	299183	463	256	924	465 
1	299282	463	257	929	465 
1	299382	463	257	932	465 
1	299483	462	256	929	470 
1	299583	463	257	933	468 
1	299682	463	257	930	474 
1	299783	464	257	937	473 
1	299883	463	257	943	470 
1	299983	464	257	945	471 
1	300083	464	257	947	473 
1	300183	464	257	951	473 
1	300283	465	257	957	479 
1	300384	464	257	952	482 
1	300483	462	257	958	479 
1	300583	464	258	959	480 
1	300684	465	258	955	492 
1	300784	464	257	959	485 
1	300883	465	258	968	485 
1	300984	465	258	970	486 
1	301084	465	258	974	485 
1	301185	465	258	977	497 
1	301284	465	258	991	495 
1	301384	466	260	988	498 
1	301485	465	258	992	496 
1	301585	465	261	998	496 
1	301684	465	258	994	499 
1	301785	465	261	993	500 
1	301885	465	257	998	502 
1	301985	463	257	993	498 
1	302085	465	257	998	502 
1	302185	464	257	1000	500 
1	302285	465	257	996	504 
1	302386	464	257	997	503 
1	302485	464	257	998	502 
1	302585	464	258	1000	500 
1	302686	464	258	1002	504 
1	302786	465	257	1004	501 
1	302885	463	257	1002	502 
1	302986	462	257	1002	501 
1	303086	464	257	1002	491 
1	303186	464	257	1000	503 
1	303286	464	257	1000	504 
1	303386	464	257	1001	501 
1	303486	463	257	1001	501 
1	303587	462	257	1001	499 
1	303686	463	257	998	492 
1	303787	463	257	997	503 
1	303887	462	256	996	502 
1	303987	464	256	1000	500 
1	304087	462	257	998	502 
1	304187	464	257	993	507 
1	304287	464	257	993	506 
1	304388	463	257	995	503 
1	304488	463	257	992	502 
1	304587	463	257	995	502 
1	304688	463	257	996	498 
1	304788	463	256	992	500 
1	304795	463	256	992	500 
