1	99625	485	271	1061	549 
1	99627	485	271	1061	549 
1	99727	482	269	1054	544 
1	99827	482	269	1055	546 
1	99928	482	269	1057	543 
1	100027	483	269	1056	546 
1	100127	481	269	1054	545 
1	100228	482	269	1055	541 
1	100328	483	269	1056	546 
1	100427	483	268	1057	543 
1	100528	483	269	1056	544 
1	100628	483	269	1056	548 
1	100728	482	268	1057	544 
1	100828	483	269	1056	547 
1	100928	483	269	1058	545 
1	101028	483	270	1053	548 
1	101129	483	270	1060	546 
1	101229	484	270	1056	549 
1	101328	483	270	1049	550 
1	101429	483	270	1056	544 
1	101529	483	269	1045	546 
1	101629	483	270	1046	542 
1	101729	484	270	1045	545 
1	101829	484	270	1043	539 
1	101929	484	270	1038	536 
1	102030	484	270	1035	536 
1	102129	484	270	1029	534 
1	102230	483	269	1022	538 
1	102330	483	270	1021	537 
1	102430	483	269	1020	517 
1	102530	483	269	1017	527 
1	102630	484	269	1014	526 
1	102730	482	270	1011	524 
1	102831	484	269	1001	531 
1	102930	484	269	1004	526 
1	103030	484	270	1004	518 
1	103131	484	269	998	522 
1	103231	483	270	996	518 
1	103330	484	270	994	517 
1	103431	485	270	995	515 
1	103531	485	270	989	512 
1	103631	484	269	983	517 
1	103731	482	268	979	511 
1	103831	484	270	980	507 
1	103931	483	269	965	513 
1	104032	481	269	970	503 
1	104131	484	269	968	505 
1	104231	484	270	962	497 
1	104332	484	269	956	502 
1	104432	484	269	952	499 
1	104531	484	270	951	496 
1	104632	484	269	945	495 
1	104732	484	269	939	492 
1	104833	484	270	938	478 
1	104932	483	269	928	486 
1	105032	484	269	921	479 
1	105133	484	270	919	488 
1	105233	482	269	911	470 
1	105332	485	270	907	472 
1	105433	484	270	905	476 
1	105533	483	270	898	477 
1	105633	485	270	892	472 
1	105733	484	270	891	466 
1	105833	484	271	883	456 
1	105933	484	270	875	467 
1	106034	483	268	869	455 
1	106133	483	270	863	455 
1	106233	484	269	857	443 
1	106334	482	269	848	448 
1	106434	484	269	845	446 
1	106533	484	269	837	446 
1	106634	484	270	831	444 
1	106734	484	269	824	438 
1	106834	485	269	820	434 
1	106934	483	270	809	433 
1	107034	483	270	805	427 
1	107134	484	269	797	424 
1	107235	482	270	784	425 
1	107334	483	269	777	417 
1	107435	484	269	770	412 
1	107535	483	269	765	406 
1	107635	481	268	754	400 
1	107735	483	269	746	401 
1	107835	481	269	743	396 
1	107935	483	270	734	393 
1	108036	483	270	726	389 
1	108135	484	270	718	388 
1	108235	483	270	714	381 
1	108336	483	269	703	377 
1	108436	482	268	692	376 
1	108535	482	269	688	371 
1	108636	482	269	680	368 
1	108736	481	268	669	364 
1	108836	482	267	658	368 
1	108936	483	269	656	359 
1	109036	482	269	652	351 
1	109136	483	269	639	353 
1	109237	482	269	631	349 
1	109336	483	269	624	345 
1	109436	482	270	621	336 
1	109537	481	269	611	333 
1	109637	483	269	605	330 
1	109736	482	269	594	334 
1	109837	483	269	590	324 
1	109937	482	269	582	320 
1	110038	483	269	571	320 
1	110137	483	269	571	300 
1	110237	484	269	559	311 
1	110338	482	269	552	298 
1	110438	483	269	545	302 
1	110537	482	270	542	294 
1	110638	483	269	527	289 
1	110738	483	269	519	296 
1	110838	482	270	515	290 
1	110938	482	268	503	288 
1	111038	481	269	499	284 
1	111138	480	268	495	276 
1	111239	482	269	483	279 
1	111338	486	271	486	270 
1	111438	484	269	474	270 
1	111539	483	269	467	264 
1	111639	481	268	463	262 
1	111643	481	268	463	262 
1	111744	482	269	454	258 
1	111844	480	268	455	247 
1	111944	482	270	463	265 
1	112045	482	270	472	268 
1	112144	482	269	481	273 
1	112244	482	270	482	277 
1	112345	481	268	493	276 
1	112445	482	270	496	281 
1	112544	482	269	505	283 
1	112645	482	269	515	288 
1	112745	482	269	519	293 
1	112845	482	269	529	294 
1	112945	480	268	536	285 
1	113045	482	269	544	299 
1	113145	481	269	549	301 
1	113246	482	269	554	308 
1	113345	482	269	556	316 
1	113445	482	269	568	316 
1	113546	483	269	578	321 
1	113646	482	269	582	324 
1	113745	481	269	587	329 
1	113846	482	269	595	333 
1	113946	483	269	608	319 
1	114046	482	270	612	336 
1	114146	483	269	623	338 
1	114246	483	269	626	344 
1	114347	482	270	637	344 
1	114447	481	268	641	349 
1	114546	482	268	646	356 
1	114647	480	268	654	356 
1	114747	481	268	660	363 
1	114847	483	269	675	362 
1	114947	483	269	678	372 
1	115047	483	269	681	378 
1	115147	483	269	693	376 
1	115248	483	269	704	377 
1	115347	482	268	708	381 
1	115447	483	269	718	387 
1	115548	481	269	722	390 
1	115648	481	268	729	392 
1	115747	481	269	737	395 
1	115848	482	269	747	398 
1	115948	483	270	753	396 
1	116048	483	270	763	410 
1	116148	483	269	768	412 
1	116248	483	270	775	418 
1	116348	483	269	782	421 
1	116449	483	270	790	426 
1	116548	483	269	800	417 
1	116648	483	270	810	427 
1	116749	483	269	817	432 
1	116849	483	268	823	436 
1	116948	483	269	828	440 
1	117049	484	269	840	441 
1	117149	484	270	848	446 
1	117250	483	269	849	454 
1	117349	483	270	858	455 
1	117449	483	270	863	459 
1	117550	483	270	868	463 
1	117650	484	270	874	469 
1	117749	483	269	886	467 
1	117850	483	270	893	470 
1	117950	483	269	899	477 
1	118050	484	270	903	481 
1	118150	483	270	912	479 
1	118250	484	270	916	488 
1	118350	484	269	921	488 
1	118451	483	270	933	489 
1	118550	484	270	929	496 
1	118650	484	269	939	501 
1	118751	484	270	951	495 
1	118851	483	270	950	506 
1	118950	484	269	953	508 
1	119051	484	269	962	508 
1	119151	484	268	967	496 
1	119251	484	269	972	511 
1	119351	484	270	978	510 
1	119451	483	270	983	516 
1	119552	484	271	987	514 
1	119652	484	270	991	517 
1	119751	485	270	995	522 
1	119852	485	270	995	526 
1	119952	484	268	1003	527 
1	120052	482	270	996	532 
1	120152	484	270	1010	527 
1	120252	484	270	1014	526 
1	120352	482	269	1013	525 
1	120453	484	270	1018	528 
1	120552	483	270	1019	528 
1	120652	484	270	1023	537 
1	120753	483	270	1019	541 
1	120853	484	270	1028	535 
1	120952	482	270	1023	535 
1	121053	484	270	1030	537 
1	121153	484	270	1032	539 
1	121253	483	270	1033	540 
1	121353	485	270	1034	538 
1	121453	484	270	1037	535 
1	121553	483	269	1031	538 
1	121654	484	270	1032	545 
1	121753	484	270	1038	537 
1	121853	483	266	1040	533 
1	121954	484	269	1038	537 
1	122054	484	270	1038	540 
1	122153	484	269	1041	539 
1	122254	484	270	1041	533 
1	122354	482	269	1036	544 
1	122455	484	270	1036	551 
1	122554	484	271	1046	544 
1	122654	482	269	1040	542 
1	122755	482	269	1044	546 
1	122855	484	270	1043	547 
1	122954	484	270	1045	547 
1	123055	484	270	1051	543 
1	123155	484	270	1049	545 
1	123255	484	270	1045	550 
1	123355	483	270	1046	553 
1	123455	484	270	1054	545 
1	123555	483	270	1051	550 
1	123656	484	269	1057	547 
1	123662	484	269	1053	551 
