1	112069	451	253	1058	550 
1	112071	451	253	1060	548 
1	112171	451	253	1061	547 
1	112271	451	253	1058	550 
1	112371	451	253	1060	547 
1	112472	451	253	1062	546 
1	112571	451	253	1060	550 
1	112671	451	253	1060	548 
1	112772	451	253	1063	547 
1	112872	449	251	1056	547 
1	112971	450	251	1061	547 
1	113072	451	253	1063	550 
1	113172	451	253	1063	557 
1	113272	451	253	1059	553 
1	113372	451	253	1060	552 
1	113472	450	254	1058	555 
1	113572	451	253	1061	553 
1	113673	450	254	1063	549 
1	113772	451	253	1057	551 
1	113872	449	251	1058	549 
1	113973	449	251	1061	545 
1	114073	450	254	1061	548 
1	114172	450	254	1058	549 
1	114273	451	253	1058	549 
1	114373	450	254	1057	549 
1	114473	450	254	1053	552 
1	114573	450	253	1055	545 
1	114673	450	254	1048	550 
1	114774	451	253	1050	545 
1	114874	451	253	1044	548 
1	114973	450	254	1047	542 
1	115074	451	253	1041	549 
1	115174	449	252	1044	544 
1	115274	449	252	1042	538 
1	115374	450	254	1038	545 
1	115474	450	254	1042	538 
1	115574	450	254	1036	543 
1	115675	450	254	1036	540 
1	115774	451	253	1038	534 
1	115874	450	254	1031	539 
1	115975	450	254	1032	535 
1	116075	450	254	1028	537 
1	116174	450	254	1028	534 
1	116275	449	250	1023	533 
1	116375	450	254	1023	537 
1	116475	450	254	1022	522 
1	116575	450	251	1013	529 
1	116675	448	251	1008	530 
1	116775	450	254	1011	528 
1	116876	449	251	1005	525 
1	116975	448	252	1009	522 
1	117075	448	251	1003	527 
1	117176	451	253	999	520 
1	117276	451	253	999	520 
1	117376	450	254	994	518 
1	117476	451	253	992	517 
1	117576	451	253	986	514 
1	117677	449	251	984	513 
1	117776	450	254	982	505 
1	117876	449	251	973	508 
1	117977	449	251	967	503 
1	118077	450	251	960	503 
1	118176	449	252	955	499 
1	118277	450	254	949	497 
1	118377	451	253	948	495 
1	118477	450	254	942	490 
1	118578	449	251	932	488 
1	118677	451	253	930	488 
1	118777	450	254	927	482 
1	118878	451	253	921	479 
1	118978	450	254	912	479 
1	119077	450	254	905	480 
1	119178	450	254	904	474 
1	119278	451	253	898	471 
1	119378	449	251	890	466 
1	119478	451	253	883	469 
1	119578	450	254	876	468 
1	119678	450	254	873	459 
1	119779	450	254	866	459 
1	119878	450	254	866	441 
1	119979	449	251	851	452 
1	120079	450	254	850	439 
1	120179	451	253	839	448 
1	120279	450	254	837	445 
1	120379	451	253	834	436 
1	120479	449	251	819	434 
1	120580	450	254	817	430 
1	120679	450	254	811	427 
1	120779	450	254	803	424 
1	120880	450	254	795	421 
1	120980	449	250	784	418 
1	121079	448	251	771	420 
1	121180	449	252	773	410 
1	121280	450	251	764	404 
1	121380	451	253	758	409 
1	121480	450	254	749	396 
1	121580	451	253	744	400 
1	121680	449	251	733	397 
1	121781	450	254	729	392 
1	121880	450	254	723	389 
1	121980	451	253	715	384 
1	122081	450	251	703	383 
1	122181	451	253	702	375 
1	122280	450	254	691	371 
1	122381	450	254	681	371 
1	122481	451	253	677	363 
1	122582	451	253	667	362 
1	122681	450	254	656	360 
1	122781	450	254	652	354 
1	122882	450	254	645	346 
1	122982	450	254	635	346 
1	123081	450	254	631	338 
1	123182	450	254	622	336 
1	123282	450	253	612	323 
1	123382	451	253	608	328 
1	123482	449	252	595	327 
1	123582	449	251	581	328 
1	123682	449	251	578	321 
1	123783	450	254	571	309 
1	123882	450	254	563	313 
1	123982	450	254	552	313 
1	124083	450	251	546	301 
1	124085	450	251	546	301 
1	124185	448	251	538	303 
1	124284	448	251	546	304 
1	124385	451	253	564	298 
1	124485	450	254	569	315 
1	124585	451	253	577	322 
1	124685	451	253	591	309 
1	124785	450	251	592	328 
1	124886	451	253	602	331 
1	124986	451	253	615	322 
1	125085	450	254	616	341 
1	125186	451	253	630	329 
1	125286	451	253	638	343 
1	125386	450	254	644	349 
1	125486	451	253	653	344 
1	125586	450	254	658	362 
1	125686	452	252	661	370 
1	125787	451	253	676	359 
1	125886	450	254	683	368 
1	125986	449	251	693	370 
1	126087	451	253	703	375 
1	126187	449	251	704	382 
1	126286	450	251	718	384 
1	126387	451	253	726	389 
1	126487	451	253	733	392 
1	126587	452	252	742	398 
1	126687	451	253	747	401 
1	126787	451	253	753	404 
1	126887	451	253	764	409 
1	126988	451	253	775	407 
1	127087	451	253	780	415 
1	127187	451	253	787	421 
1	127288	451	253	794	421 
1	127388	451	253	801	415 
1	127488	450	251	810	426 
1	127588	450	253	814	434 
1	127688	451	253	823	438 
1	127789	451	253	834	437 
1	127888	451	253	836	444 
1	127988	451	253	842	448 
1	128089	450	254	846	452 
1	128189	451	253	857	456 
1	128288	450	254	864	457 
1	128389	451	253	864	465 
1	128489	451	253	879	459 
1	128589	451	253	883	467 
1	128689	451	253	895	465 
1	128789	452	252	898	471 
1	128889	451	253	902	474 
1	128990	451	253	907	477 
1	129089	450	254	914	479 
1	129189	451	253	918	482 
1	129290	451	253	927	482 
1	129390	451	253	924	491 
1	129489	451	253	929	482 
1	129590	451	253	942	490 
1	129690	451	253	943	497 
1	129790	450	254	946	498 
1	129890	449	251	951	498 
1	129990	451	253	959	503 
1	130091	451	253	964	505 
1	130191	450	254	969	504 
1	130291	449	252	970	503 
1	130391	450	253	973	508 
1	130491	450	251	982	505 
1	130591	450	253	980	494 
1	130692	449	252	980	520 
1	130791	450	254	989	516 
1	130891	451	253	994	516 
1	130992	451	253	995	520 
1	131092	451	253	997	515 
1	131191	450	254	1000	522 
1	131292	450	254	1003	526 
1	131392	450	254	1011	521 
1	131492	451	253	1005	530 
1	131592	451	253	1016	524 
1	131692	449	252	1016	516 
1	131792	451	253	1023	535 
1	131893	451	253	1027	524 
1	131992	451	253	1027	537 
1	132092	451	253	1029	541 
1	132193	451	253	1029	540 
1	132293	451	253	1034	537 
1	132392	451	253	1038	537 
1	132493	451	253	1040	535 
1	132593	451	253	1035	544 
1	132694	451	253	1043	539 
1	132793	451	253	1041	549 
1	132893	451	253	1042	548 
1	132994	450	254	1044	546 
1	133094	451	253	1046	544 
1	133193	451	253	1051	542 
1	133294	451	253	1048	547 
1	133394	451	253	1048	547 
1	133494	451	253	1047	548 
1	133594	450	254	1046	549 
1	133694	451	253	1052	546 
1	133794	451	253	1052	547 
1	133895	451	253	1054	547 
1	133994	451	253	1050	551 
1	134094	451	253	1057	549 
1	134195	451	253	1055	547 
1	134295	452	252	1054	553 
1	134394	450	254	1052	551 
1	134495	451	253	1057	552 
1	134595	451	253	1055	553 
1	134695	451	253	1058	550 
1	134795	450	254	1059	553 
1	134895	451	253	1062	551 
1	134995	451	253	1065	549 
1	135096	449	251	1062	550 
1	135195	451	253	1064	552 
1	135296	451	253	1069	549 
1	135396	450	251	1060	550 
1	135496	451	253	1064	553 
1	135596	450	254	1062	546 
1	135696	451	253	1065	553 
1	135796	450	254	1060	553 
1	135897	451	253	1068	551 
1	135996	451	253	1067	553 
1	136096	451	253	1064	555 
1	136099	451	253	1064	555 
