1	15807	1367	724	10932	5712	30.84 
1	15859	1367	725	10929	5707	30.69 
1	15911	1367	724	10916	5703	30.62 
1	15965	1364	720	10892	5691	30.48 
1	16017	1365	721	10917	5702	30.20 
1	16069	1367	724	10919	5702	29.70 
1	16121	1367	722	10932	5709	29.28 
1	16174	1367	725	10923	5705	28.99 
1	16227	1367	722	10921	5703	28.92 
1	16279	1367	721	10921	5703	28.92 
1	16331	1367	722	10936	5714	28.78 
1	16384	1366	725	10922	5705	28.43 
1	16437	1368	722	10920	5704	28.00 
1	16489	1368	721	10918	5700	27.58 
1	16541	1366	722	10925	5704	27.36 
1	16593	1363	719	10896	5692	27.29 
1	16646	1363	720	10909	5698	27.29 
1	16699	1363	723	10906	5692	27.15 
1	16751	1365	721	10928	5702	26.87 
1	16803	1367	721	10930	5704	26.44 
1	16856	1367	721	10933	5709	26.09 
1	16908	1366	723	10912	5700	25.87 
1	16961	1366	720	10906	5697	25.87 
1	17013	1367	721	10909	5696	25.87 
1	17065	1366	723	10919	5700	25.73 
1	17118	1366	723	10917	5704	25.38 
1	17171	1368	721	10940	5711	25.02 
1	17223	1366	724	10933	5705	24.67 
1	17275	1367	721	10921	5703	24.53 
1	17328	1367	722	10929	5708	24.53 
1	17381	1367	724	10920	5706	24.53 
1	17433	1367	723	10926	5706	24.31 
1	17485	1368	723	10923	5701	23.96 
1	17538	1367	722	10919	5698	23.68 
1	17590	1367	722	10921	5700	23.46 
1	17643	1366	725	10938	5714	23.46 
1	17695	1367	722	10934	5709	23.46 
1	17747	1366	723	10914	5698	23.32 
1	17800	1366	721	10919	5698	23.04 
1	17853	1365	721	10911	5699	22.61 
1	17905	1359	719	10897	5686	22.26 
1	17957	1353	718	10866	5671	22.12 
1	18010	1360	717	10898	5687	22.26 
1	18062	1359	716	10907	5689	22.33 
1	18115	1356	715	10899	5683	22.19 
1	18167	1355	720	10894	5680	21.76 
1	18220	1356	718	10891	5680	21.41 
1	18272	1355	716	10882	5684	21.34 
1	18325	1355	718	10887	5686	21.12 
1	18377	1358	717	10825	5644	21.12 
1	18429	1317	697	10594	5532	21.12 
1	18482	1336	706	10713	5593	21.05 
1	18534	1337	706	10729	5606	20.91 
1	18587	1338	710	10755	5617	20.63 
1	18639	1338	711	10757	5616	20.27 
1	18692	1339	708	10745	5609	19.99 
1	18744	1339	711	10745	5608	19.99 
1	18797	1342	708	10767	5622	19.99 
1	18849	1340	710	10767	5622	20.06 
1	18902	1341	707	10767	5620	19.99 
1	18954	1342	709	10753	5615	19.64 
1	19006	1341	708	10755	5617	19.28 
1	19059	1340	709	10748	5608	19.00 
1	19111	1341	709	10750	5613	19.14 
1	19164	1340	710	10755	5616	19.28 
1	19216	1340	711	10752	5617	19.35 
1	19269	1337	709	10736	5608	19.14 
1	19321	1339	711	10756	5620	18.71 
1	19374	1338	710	10742	5607	18.50 
1	19426	1340	710	10760	5620	18.29 
1	19478	1341	711	10762	5624	18.36 
1	19531	1342	709	10758	5617	18.43 
1	19584	1343	711	10771	5630	18.50 
1	19636	1341	713	10783	5632	18.36 
1	19688	1345	709	10783	5631	18.08 
1	19740	1344	706	10782	5629	17.79 
1	19793	1342	711	10773	5632	17.72 
1	19846	1347	706	10790	5632	17.86 
1	19898	1341	711	10776	5628	18.01 
1	19950	1341	713	10784	5633	17.93 
1	20003	1343	710	10772	5631	17.65 
1	20056	1341	710	10763	5622	17.44 
1	20108	1342	710	10759	5619	17.23 
1	20160	1341	709	10760	5626	17.16 
1	20212	1343	709	10767	5620	17.30 
1	20265	1340	709	10758	5619	17.44 
1	20318	1345	707	10773	5624	17.37 
1	20370	1342	711	10765	5622	17.16 
1	20422	1342	708	10789	5636	16.87 
1	20475	1347	705	10786	5636	16.73 
1	20528	1344	709	10780	5634	16.66 
1	20580	1345	708	10781	5633	16.80 
1	20632	1346	708	10787	5637	16.87 
1	20684	1339	710	10748	5607	16.87 
1	20738	1345	708	10761	5617	16.66 
1	20790	1346	707	10771	5625	16.38 
1	20842	1346	709	10772	5630	16.23 
1	20894	1344	708	10775	5631	16.23 
1	20947	1347	706	10775	5624	16.38 
1	21000	1342	708	10773	5623	16.45 
1	21052	1347	707	10772	5624	16.45 
1	21104	1346	707	10777	5628	16.23 
1	21156	1347	707	10776	5630	16.02 
1	21210	1343	710	10771	5623	15.88 
1	21262	1344	706	10771	5620	15.95 
1	21314	1343	708	10766	5622	16.16 
1	21366	1340	708	10777	5623	16.23 
1	21420	1340	709	10777	5631	16.16 
1	21472	1342	707	10786	5626	15.95 
1	21524	1341	711	10783	5627	15.74 
1	21576	1343	709	10789	5627	15.60 
1	21628	1341	708	10792	5629	15.67 
1	21682	1341	708	10787	5630	15.88 
1	21734	1341	709	10790	5630	15.95 
1	21786	1340	708	10784	5626	15.81 
1	21838	1339	707	10776	5624	15.60 
1	21891	1340	707	10764	5623	15.38 
1	21944	1348	712	10800	5634	15.31 
1	21996	1342	708	10770	5624	15.38 
1	22048	1344	706	10771	5624	15.52 
1	22100	1340	709	10755	5615	15.67 
1	22154	1348	707	10757	5619	15.52 
1	22206	1341	710	10770	5620	15.31 
1	22258	1347	706	10776	5624	15.10 
1	22310	1346	706	10792	5633	15.03 
1	22363	1346	708	10789	5629	15.10 
1	22416	1344	707	10791	5630	15.31 
1	22468	1346	708	10784	5630	15.38 
1	22520	1347	706	10792	5627	15.31 
1	22573	1347	707	10791	5630	15.10 
1	22626	1348	706	10799	5640	14.89 
1	22678	1347	707	10790	5628	14.89 
1	22730	1343	710	10786	5629	14.96 
1	22782	1347	707	10793	5633	15.17 
1	22835	1345	708	10793	5633	15.24 
1	22888	1348	706	10799	5636	15.10 
1	22940	1341	708	10772	5620	14.82 
1	22992	1347	707	10777	5622	14.67 
1	23045	1345	706	10777	5628	14.67 
1	23098	1342	710	10788	5623	14.96 
1	23150	1346	706	10780	5626	15.17 
1	23202	1344	709	10781	5626	15.17 
1	23255	1341	709	10794	5631	15.03 
1	23307	1345	706	10793	5630	14.74 
1	23360	1343	709	10789	5629	14.60 
1	23412	1339	708	10755	5616	14.53 
1	23464	1339	709	10775	5627	14.74 
1	23517	1347	705	10786	5626	14.96 
1	23569	1345	707	10792	5631	14.89 
1	23622	1344	707	10775	5619	14.82 
1	23674	1344	707	10793	5633	14.53 
1	23727	1344	708	10780	5622	14.39 
1	23779	1341	711	10785	5628	14.46 
1	23832	1341	708	10798	5637	14.60 
1	23884	1347	706	10798	5637	14.82 
1	23937	1346	706	10793	5633	14.82 
1	23989	1346	706	10791	5635	14.67 
1	24041	1347	706	10777	5623	14.39 
1	24094	1346	705	10784	5624	14.32 
1	24146	1348	706	10782	5628	14.32 
1	24199	1341	708	10781	5623	14.53 
1	24251	1346	706	10780	5627	14.67 
1	24304	1342	707	10776	5619	14.67 
1	24356	1341	710	10778	5623	14.53 
1	24409	1345	706	10780	5624	14.25 
1	24461	1346	707	10780	5621	14.11 
1	24513	1343	709	10787	5625	14.18 
1	24566	1345	706	10791	5631	14.46 
1	24619	1341	709	10776	5622	14.67 
1	24671	1341	711	10797	5631	14.60 
1	24723	1346	706	10793	5631	14.39 
1	24776	1340	708	10766	5620	14.18 
1	24828	1341	707	10771	5621	14.11 
1	24881	1344	706	10792	5631	14.18 
1	24933	1341	709	10791	5631	14.46 
1	24986	1347	706	10795	5630	14.53 
1	25038	1345	706	10792	5631	14.53 
1	25091	1345	707	10781	5624	14.32 
1	25143	1345	706	10787	5628	14.11 
1	25195	1338	707	10736	5602	14.04 
1	25248	1340	706	10759	5616	14.11 
1	25300	1338	705	10751	5613	14.32 
1	25353	1340	708	10696	5583	14.46 
1	25405	1330	702	10684	5577	14.39 
1	25458	1334	703	10631	5547	13.75 
1	25510	1274	674	10213	5325	13.54 
1	25563	1272	676	10213	5330	13.47 
1	25615	1274	674	10237	5336	13.54 
1	25667	1275	673	10237	5340	13.75 
1	25720	1277	675	10247	5346	13.89 
1	25773	1266	669	10256	5351	13.68 
1	25825	1266	670	10201	5320	13.47 
1	25877	1268	670	10222	5335	13.19 
1	25930	1267	669	10168	5304	13.19 
1	25982	1266	668	10164	5301	13.33 
1	26035	1266	666	10159	5298	13.61 
1	26087	1275	671	10215	5329	13.68 
1	26139	1276	674	10271	5355	13.54 
1	26192	1274	674	10243	5342	13.26 
1	26245	1265	669	10148	5288	12.97 
1	26297	1255	664	10101	5265	13.19 
1	26349	1261	666	10259	5349	13.61 
1	26401	1306	690	10536	5496	13.82 
1	26455	1311	692	10557	5505	13.89 
1	26507	1316	692	10548	5503	13.75 
1	26559	1316	688	10551	5505	13.61 
1	26611	1316	694	10577	5521	13.47 
1	26664	1322	700	10633	5549	13.47 
1	26717	1323	699	10640	5552	13.68 
1	26769	1326	700	10650	5556	13.89 
1	26821	1326	700	10636	5549	13.97 
1	26873	1326	699	10637	5555	13.75 
1	26927	1327	700	10637	5551	13.54 
1	26979	1325	699	10643	5556	13.40 
1	27031	1326	700	10641	5548	13.47 
1	27083	1326	698	10658	5563	13.68 
1	27137	1327	699	10651	5557	13.89 
1	27189	1328	698	10650	5561	13.89 
1	27241	1328	700	10660	5563	13.75 
1	27293	1327	701	10654	5560	13.54 
1	27345	1324	699	10652	5561	13.33 
1	27399	1325	698	10624	5540	13.33 
1	27451	1312	694	10579	5521	13.19 
1	27503	1291	683	10377	5409	13.68 
1	27555	1323	698	10573	5514	13.40 
1	27609	1281	677	10304	5370	13.19 
1	27661	1273	676	10202	5323	13.26 
1	27713	1274	675	10460	5450	13.04 
1	27765	1299	685	10378	5414	13.11 
1	27817	1317	696	10577	5510	13.47 
1	27871	1336	707	10642	5549	13.82 
1	27923	1309	691	10744	5606	13.54 
1	27975	1307	690	10376	5414	13.40 
1	28027	1318	697	10489	5473	13.26 
1	28081	1323	695	10602	5534	13.19 
1	28133	1324	698	10582	5522	13.11 
1	28185	1307	690	10526	5486	13.47 
1	28237	1317	694	10579	5513	13.68 
1	28290	1320	694	10628	5539	13.54 
1	28343	1322	696	10547	5497	13.54 
1	28395	1328	701	10672	5567	13.40 
1	28447	1331	706	10693	5583	13.33 
1	28499	1333	705	10690	5576	13.47 
1	28553	1334	706	10709	5584	13.68 
1	28605	1334	703	10732	5595	13.82 
1	28657	1333	709	10717	5591	13.54 
1	28709	1334	701	10599	5526	13.26 
1	28762	1300	686	10448	5446	12.97 
1	28815	1297	685	10414	5432	13.04 
1	28867	1304	688	10416	5428	13.19 
1	28919	1312	694	10475	5462	13.61 
1	28972	1325	697	10497	5474	13.40 
1	29025	1306	690	10494	5470	13.54 
1	29077	1296	684	10364	5404	13.19 
1	29129	1291	683	10404	5418	12.90 
1	29181	1296	684	10399	5418	12.97 
1	29234	1300	686	10437	5443	13.33 
1	29287	1312	692	10589	5525	13.61 
1	29339	1328	702	10691	5578	13.82 
1	29391	1335	706	10721	5592	13.68 
1	29444	1334	703	10677	5569	13.40 
1	29497	1315	696	10590	5525	13.26 
1	29549	1324	699	10637	5542	13.19 
1	29601	1325	699	10630	5542	13.54 
1	29654	1303	690	10579	5517	13.75 
1	29706	1328	701	10670	5564	14.11 
1	29759	1341	706	10794	5625	13.97 
1	29811	1350	711	10819	5644	13.68 
1	29863	1350	712	10795	5633	13.47 
1	29916	1349	711	10858	5663	13.61 
1	29969	1353	713	10848	5658	13.89 
1	30021	1354	715	10855	5659	14.11 
1	30073	1354	717	10870	5669	14.11 
1	30126	1356	714	10876	5678	14.04 
1	30178	1353	717	10870	5670	13.68 
1	30231	1352	715	10870	5668	13.68 
1	30283	1353	717	10878	5674	13.75 
1	30336	1355	715	10888	5674	13.97 
1	30388	1354	719	10885	5675	14.18 
1	30441	1355	717	10888	5677	14.18 
1	30493	1355	717	10888	5673	13.97 
1	30545	1357	718	10899	5681	13.82 
1	30598	1356	715	10893	5682	13.68 
1	30650	1355	717	10895	5679	13.75 
1	30703	1357	716	10892	5679	14.04 
1	30755	1356	715	10904	5687	14.18 
1	30808	1356	717	10896	5680	14.18 
1	30860	1355	716	10891	5675	13.97 
1	30913	1356	715	10878	5672	13.75 
1	30965	1354	719	10888	5675	13.61 
1	31017	1356	719	10883	5672	13.75 
1	31070	1356	717	10880	5675	13.97 
1	31122	1355	716	10888	5681	14.18 
1	31175	1354	716	10882	5674	14.18 
1	31227	1355	717	10897	5687	13.97 
1	31280	1355	718	10883	5676	13.82 
1	31332	1356	719	10887	5674	13.68 
1	31385	1357	718	10895	5687	13.82 
1	31437	1355	719	10909	5691	14.04 
1	31490	1355	719	10884	5671	14.18 
1	31542	1356	716	10893	5681	14.18 
1	31594	1355	716	10871	5665	13.97 
1	31647	1354	717	10878	5672	13.82 
1	31699	1355	714	10874	5668	13.75 
1	31752	1353	717	10867	5662	13.89 
1	31804	1356	719	10882	5679	14.11 
1	31857	1357	717	10895	5678	14.25 
1	31909	1357	717	10890	5681	14.18 
1	31962	1359	719	10895	5681	13.97 
1	32014	1358	717	10898	5680	13.75 
1	32066	1357	719	10890	5680	13.75 
1	32119	1358	717	10894	5679	13.89 
1	32172	1357	722	10897	5683	14.18 
1	32224	1359	718	10889	5683	14.25 
1	32276	1357	716	10913	5688	14.25 
1	32329	1360	716	10917	5689	13.97 
1	32381	1358	719	10900	5685	13.82 
1	32434	1358	718	10900	5686	13.82 
1	32486	1360	717	10914	5690	14.04 
1	32538	1358	719	10914	5692	14.18 
1	32591	1361	717	10917	5688	14.39 
1	32644	1359	719	10911	5687	14.25 
1	32696	1358	721	10913	5690	14.04 
1	32748	1359	716	10910	5682	13.82 
1	32801	1361	717	10911	5686	13.89 
1	32854	1359	719	10926	5693	14.04 
1	32906	1360	722	10920	5691	14.25 
1	32958	1358	718	10898	5680	14.32 
1	33010	1357	722	10908	5688	14.18 
1	33063	1345	705	10803	5629	13.89 
1	33116	1346	708	10792	5629	13.75 
1	33168	1348	709	10808	5638	13.82 
1	33220	1346	712	10809	5637	14.04 
1	33273	1347	713	10810	5637	14.25 
1	33326	1349	710	10809	5639	14.39 
1	33378	1347	711	10808	5638	14.18 
1	33430	1349	711	10809	5640	13.97 
1	33482	1347	713	10808	5639	13.82 
1	33536	1350	710	10812	5640	13.89 
1	33588	1349	711	10818	5639	14.04 
1	33640	1347	711	10813	5643	14.25 
1	33692	1348	711	10823	5644	14.32 
1	33745	1350	711	10824	5645	14.11 
1	33798	1349	711	10816	5641	13.89 
1	33850	1349	713	10829	5646	13.75 
1	33902	1347	712	10828	5639	13.82 
1	33954	1348	712	10812	5639	14.11 
1	34008	1349	711	10822	5645	14.25 
1	34060	1349	710	10817	5642	14.25 
1	34112	1347	710	10817	5639	14.11 
1	34164	1348	712	10819	5641	13.82 
1	34217	1350	710	10813	5640	13.75 
1	34270	1350	711	10822	5643	13.82 
1	34322	1348	710	10812	5638	14.04 
1	34374	1346	711	10804	5634	14.25 
1	34426	1349	712	10818	5643	14.25 
1	34480	1351	711	10816	5643	14.04 
1	34532	1349	711	10814	5641	13.82 
1	34584	1348	707	10796	5626	13.68 
1	34636	1348	707	10803	5631	13.82 
1	34690	1346	710	10805	5636	14.11 
1	34742	1348	709	10809	5635	14.18 
1	34794	1348	709	10813	5636	14.18 
1	34846	1347	709	10804	5632	13.97 
1	34898	1348	710	10798	5632	13.75 
1	34952	1346	709	10797	5630	13.68 
1	35004	1348	709	10796	5631	13.75 
1	35056	1346	709	10800	5633	14.04 
1	35108	1346	709	10812	5638	14.18 
1	35162	1346	711	10816	5638	14.11 
1	35214	1348	708	10801	5636	13.89 
1	35266	1346	709	10806	5638	13.75 
1	35318	1349	710	10804	5638	13.68 
1	35371	1348	708	10806	5637	13.89 
1	35424	1348	710	10803	5631	14.11 
1	35476	1346	711	10797	5630	14.25 
1	35528	1348	709	10810	5639	14.11 
1	35580	1346	710	10799	5629	13.89 
1	35634	1347	706	10802	5629	13.61 
1	35686	1341	707	10777	5618	13.68 
1	35738	1341	706	10741	5601	13.82 
1	35790	1344	707	10763	5614	14.04 
1	35843	1344	705	10780	5621	14.18 
1	35896	1343	708	10797	5621	14.04 
1	35948	1344	706	10773	5614	13.82 
1	36000	1345	706	10779	5620	13.68 
1	36052	1348	705	10782	5618	13.68 
1	36105	1348	706	10788	5622	13.82 
1	36158	1346	708	10787	5622	14.04 
1	36210	1346	706	10803	5627	14.11 
1	36262	1348	708	10804	5633	14.04 
1	36315	1346	708	10786	5620	13.82 
1	36368	1346	707	10791	5629	13.61 
1	36420	1346	709	10794	5632	13.68 
1	36472	1346	711	10799	5633	13.89 
1	36525	1348	711	10804	5635	14.11 
1	36578	1349	710	10819	5642	14.18 
1	36630	1346	713	10823	5641	14.11 
1	36682	1350	712	10844	5650	13.89 
1	36734	1353	711	10842	5651	13.75 
1	36787	1350	712	10838	5651	13.82 
1	36840	1351	713	10854	5658	13.97 
1	36892	1351	714	10848	5653	14.18 
1	36944	1352	713	10863	5664	14.25 
1	36997	1352	714	10863	5659	14.11 
1	37050	1350	712	10842	5644	13.89 
1	37102	1350	712	10833	5647	13.68 
1	37154	1349	713	10835	5649	13.82 
1	37207	1352	711	10828	5647	14.04 
1	37259	1349	714	10834	5650	14.18 
1	37312	1351	711	10842	5649	14.18 
1	37364	1349	714	10848	5651	14.04 
1	37416	1353	711	10848	5653	13.82 
1	37469	1350	712	10849	5652	13.68 
1	37522	1351	714	10855	5658	13.82 
1	37574	1349	716	10840	5650	14.04 
1	37626	1353	713	10846	5654	14.25 
1	37679	1353	711	10835	5649	14.25 
1	37731	1353	713	10856	5657	14.04 
1	37784	1353	713	10859	5663	13.82 
1	37836	1351	713	10855	5659	13.75 
1	37889	1354	712	10849	5652	13.82 
1	37941	1353	714	10853	5657	14.04 
1	37994	1350	712	10838	5647	14.25 
1	38046	1350	710	10858	5661	14.18 
1	38098	1354	712	10859	5655	13.97 
1	38151	1353	713	10859	5659	13.82 
1	38203	1353	715	10853	5652	13.75 
1	38256	1355	712	10875	5664	13.89 
1	38308	1353	716	10871	5668	14.04 
1	38361	1353	713	10867	5661	14.25 
1	38413	1351	712	10854	5660	14.18 
1	38466	1351	714	10842	5649	13.97 
1	38518	1355	715	10866	5666	13.75 
1	38571	1353	718	10876	5661	13.75 
1	38623	1356	714	10872	5665	13.89 
1	38675	1356	714	10887	5671	14.11 
1	38728	1353	718	10875	5668	14.25 
1	38780	1355	716	10883	5667	14.18 
1	38833	1357	714	10877	5669	13.97 
1	38885	1354	713	10865	5662	13.82 
1	38938	1354	715	10862	5659	13.82 
1	38990	1354	717	10869	5665	13.97 
1	39043	1356	713	10866	5663	14.18 
1	39095	1355	715	10872	5666	14.32 
1	39147	1355	717	10869	5667	14.18 
1	39200	1355	717	10864	5665	13.97 
1	39252	1355	719	10871	5661	13.82 
1	39305	1355	717	10875	5670	13.75 
1	39357	1355	714	10871	5659	13.97 
1	39410	1355	716	10871	5664	14.11 
1	39462	1358	714	10875	5665	14.25 
1	39515	1355	717	10875	5665	14.11 
1	39567	1354	715	10879	5670	13.89 
1	39619	1353	718	10866	5665	13.75 
1	39672	1354	717	10869	5662	13.82 
1	39725	1355	716	10870	5665	13.97 
1	39777	1353	716	10855	5657	14.11 
1	39829	1354	714	10852	5651	14.25 
1	39882	1355	714	10860	5658	14.04 
1	39934	1354	714	10849	5654	13.89 
1	39987	1352	713	10853	5653	13.75 
1	40039	1354	713	10849	5656	13.82 
1	40091	1353	718	10843	5649	14.04 
1	40144	1353	713	10862	5661	14.18 
1	40197	1355	713	10859	5655	14.25 
1	40249	1353	715	10860	5661	14.11 
1	40301	1356	717	10865	5663	13.97 
1	40354	1355	715	10884	5668	13.75 
1	40407	1353	714	10881	5666	13.89 
1	40459	1355	715	10857	5663	14.04 
1	40511	1356	716	10881	5669	14.25 
1	40563	1354	714	10862	5657	14.32 
1	40616	1354	716	10874	5666	14.18 
1	40669	1356	714	10878	5664	13.97 
1	40721	1354	715	10863	5661	13.82 
1	40773	1354	712	10856	5654	13.89 
1	40826	1355	715	10858	5653	14.11 
1	40879	1353	713	10863	5658	14.25 
1	40931	1352	713	10852	5651	14.32 
1	40983	1352	714	10855	5650	14.11 
1	41035	1352	712	10866	5659	13.89 
1	41089	1352	715	10864	5661	13.82 
1	41141	1352	714	10843	5649	13.89 
1	41193	1348	714	10831	5644	14.11 
1	41245	1352	712	10854	5650	14.18 
1	41298	1353	713	10852	5653	14.25 
1	41351	1351	712	10845	5650	14.04 
1	41403	1350	712	10837	5649	13.89 
1	41455	1354	713	10842	5648	13.68 
1	41507	1354	712	10848	5651	13.89 
1	41561	1354	712	10845	5648	14.04 
1	41613	1353	712	10845	5647	14.25 
1	41665	1352	712	10849	5651	14.25 
1	41717	1353	713	10844	5647	14.04 
1	41769	1354	712	10852	5654	13.82 
1	41823	1352	712	10839	5644	13.82 
1	41875	1352	715	10850	5651	13.89 
1	41927	1352	715	10853	5651	14.18 
1	41979	1353	712	10850	5650	14.32 
1	42033	1351	714	10841	5649	14.32 
1	42085	1353	713	10847	5650	14.11 
1	42137	1352	713	10844	5652	13.82 
1	42189	1352	712	10848	5653	13.82 
1	42243	1351	712	10854	5654	13.97 
1	42295	1354	712	10857	5657	14.18 
1	42347	1351	713	10848	5652	14.32 
1	42399	1351	712	10846	5649	14.25 
1	42451	1353	714	10847	5652	13.75 
1	42505	1309	689	10836	5650	13.54 
1	42557	1309	691	10539	5489	13.47 
1	42609	1317	698	10619	5528	13.82 
1	42661	1334	702	10721	5583	13.97 
1	42715	1329	701	10642	5539	14.04 
1	42767	1326	698	10629	5536	14.04 
1	42819	1333	701	10679	5563	13.82 
1	42871	1334	706	10681	5554	13.61 
1	42924	1327	697	10656	5547	13.47 
1	42977	1319	697	10570	5501	13.68 
1	43029	1322	696	10598	5521	13.97 
1	43081	1322	699	10675	5559	14.04 
1	43133	1331	701	10684	5558	13.89 
1	43186	1333	702	10694	5572	13.68 
1	43239	1334	705	10698	5576	13.54 
1	43291	1335	707	10718	5586	13.61 
1	43343	1340	704	10753	5602	13.61 
1	43396	1324	698	10750	5596	13.89 
1	43449	1333	706	10623	5527	14.04 
1	43501	1336	706	10727	5586	13.89 
1	43553	1337	706	10734	5590	13.68 
1	43606	1338	703	10733	5589	13.54 
1	43658	1335	707	10729	5583	13.61 
1	43711	1335	704	10731	5588	13.82 
1	43763	1337	706	10715	5586	13.97 
1	43815	1337	705	10734	5591	13.97 
1	43868	1334	706	10706	5576	13.47 
1	43921	1305	686	10473	5456	13.54 
1	43973	1332	705	10720	5582	13.19 
1	44025	1324	697	10569	5506	13.26 
1	44078	1318	692	10570	5508	13.75 
1	44131	1308	690	10563	5505	13.68 
1	44183	1299	686	10438	5432	13.75 
1	44235	1317	691	10572	5508	13.68 
1	44288	1320	693	10556	5502	13.47 
1	44340	1313	693	10557	5495	13.40 
1	44393	1316	695	10590	5519	13.47 
1	44445	1335	705	10687	5567	13.68 
1	44497	1337	704	10713	5578	13.82 
1	44550	1334	704	10670	5554	13.68 
1	44603	1317	693	10550	5494	13.61 
1	44655	1323	696	10607	5528	13.40 
1	44707	1320	695	10588	5515	13.40 
1	44760	1327	699	10641	5536	13.54 
1	44812	1328	700	10642	5541	13.82 
1	44865	1336	705	10700	5574	13.97 
1	44917	1336	706	10707	5579	13.89 
1	44969	1337	704	10716	5584	13.75 
1	45022	1339	704	10727	5587	13.54 
1	45075	1341	706	10760	5606	13.47 
1	45127	1339	705	10737	5590	13.47 
1	45179	1334	707	10701	5574	13.82 
1	45232	1335	701	10707	5574	13.97 
1	45284	1333	703	10693	5572	13.89 
1	45337	1335	703	10712	5579	13.75 
1	45389	1334	703	10716	5579	13.47 
1	45442	1337	704	10731	5586	13.47 
1	45494	1338	704	10731	5586	13.68 
1	45547	1339	706	10742	5597	13.89 
1	45599	1347	705	10782	5614	14.04 
1	45651	1346	708	10789	5615	13.97 
1	45704	1346	704	10772	5612	13.75 
1	45756	1346	706	10779	5613	13.47 
1	45809	1345	705	10792	5620	13.47 
1	45861	1347	705	10796	5619	13.82 
1	45914	1344	707	10769	5612	14.04 
1	45966	1347	705	10782	5614	14.11 
1	46019	1345	705	10776	5611	13.97 
1	46071	1346	706	10781	5617	13.68 
1	46124	1345	708	10775	5612	13.54 
1	46176	1344	705	10768	5607	13.47 
1	46228	1348	705	10777	5612	13.75 
1	46281	1346	705	10786	5612	13.97 
1	46333	1346	707	10775	5612	14.04 
1	46386	1348	705	10778	5611	13.97 
1	46438	1346	706	10772	5612	13.75 
1	46491	1346	704	10782	5613	13.61 
1	46543	1346	705	10781	5615	13.68 
1	46596	1342	706	10754	5604	13.75 
1	46648	1341	706	10754	5602	14.04 
1	46700	1344	708	10776	5615	14.11 
1	46753	1347	707	10781	5614	13.97 
1	46806	1345	706	10784	5612	13.75 
1	46858	1346	705	10788	5614	13.61 
1	46910	1345	705	10780	5610	13.75 
1	46963	1345	706	10782	5618	13.89 
1	47015	1348	705	10787	5615	14.11 
1	47068	1346	707	10778	5609	14.04 
1	47120	1347	704	10776	5615	13.89 
1	47172	1345	706	10775	5610	13.68 
1	47225	1344	708	10772	5606	13.61 
1	47278	1345	707	10791	5615	13.75 
1	47330	1345	707	10782	5613	13.97 
1	47382	1344	706	10779	5613	14.04 
1	47435	1346	705	10763	5605	14.04 
1	47488	1346	705	10764	5611	13.89 
1	47540	1348	705	10767	5610	13.68 
1	47592	1345	707	10792	5615	13.54 
1	47644	1346	706	10777	5617	13.75 
1	47697	1346	705	10777	5609	13.89 
1	47750	1347	705	10769	5607	14.04 
1	47802	1346	704	10779	5612	14.11 
1	47854	1346	706	10770	5607	13.89 
1	47906	1344	706	10791	5614	13.68 
1	47960	1341	708	10771	5610	13.54 
1	48012	1341	706	10740	5596	13.82 
1	48064	1341	707	10754	5602	13.97 
1	48116	1347	705	10775	5614	14.18 
1	48169	1347	706	10780	5610	14.11 
1	48222	1346	707	10773	5611	13.89 
1	48274	1359	718	10782	5613	13.68 
1	48326	1359	716	10814	5631	13.61 
1	48379	1359	715	10798	5625	13.75 
1	48432	1355	717	10805	5623	13.97 
1	48484	1355	715	10809	5623	14.04 
1	48536	1356	716	10811	5631	13.97 
1	48588	1356	718	10798	5624	13.75 
1	48642	1357	717	10798	5618	13.61 
1	48694	1357	715	10804	5628	13.61 
1	48746	1357	715	10803	5620	13.82 
1	48798	1358	717	10807	5630	14.04 
1	48850	1358	720	10797	5625	14.11 
1	48904	1358	720	10807	5629	14.04 
1	48956	1354	713	10818	5628	13.82 
1	49008	1348	712	10806	5627	13.61 
1	49060	1346	705	10795	5624	13.68 
1	49114	1328	700	10783	5615	13.89 
1	49166	1305	687	10752	5601	14.11 
1	49218	1286	675	10723	5591	14.11 
1	49270	1285	675	10783	5618	13.97 
1	49324	1267	667	10706	5584	13.75 
1	49376	1243	657	10616	5545	13.68 
1	49428	1213	642	10630	5543	13.75 
1	49480	1207	638	10600	5531	13.97 
1	49532	1208	639	10587	5526	14.04 
1	49586	1213	639	10573	5521	14.11 
1	49638	1217	641	10597	5530	13.97 
1	49690	1277	672	10639	5546	13.75 
1	49742	1280	672	10653	5558	13.68 
1	49796	1280	675	10665	5560	13.75 
1	49848	1281	675	10668	5563	13.97 
1	49900	1284	672	10665	5558	14.11 
1	49952	1283	673	10661	5561	14.11 
1	50004	1285	673	10672	5565	13.97 
1	50058	1286	671	10680	5563	13.75 
1	50110	1285	673	10675	5563	13.68 
1	50162	1281	674	10677	5566	13.75 
1	50214	1286	674	10669	5563	13.97 
1	50268	1288	677	10686	5566	14.11 
1	50320	1290	678	10685	5569	14.11 
1	50372	1291	681	10684	5568	13.89 
1	50424	1288	679	10676	5558	13.68 
1	50477	1292	678	10666	5561	13.61 
1	50530	1295	685	10684	5565	13.68 
1	50582	1310	690	10704	5578	13.97 
1	50634	1336	705	10774	5610	14.04 
1	50686	1357	717	10782	5611	14.04 
1	50739	1397	738	10828	5638	13.82 
1	50792	1399	737	10866	5650	13.68 
1	50844	1416	745	10867	5659	13.61 
1	50896	1420	745	10889	5667	13.75 
1	50949	1437	757	10917	5674	13.97 
1	51002	1432	754	10915	5678	14.11 
1	51054	1451	764	10919	5680	14.04 
1	51106	1446	763	10929	5685	13.82 
1	51159	1453	765	10932	5690	13.61 
1	51212	1451	761	10941	5685	13.68 
1	51264	1445	759	10941	5686	13.82 
1	51316	1429	753	10908	5673	13.97 
1	51368	1421	750	10905	5673	14.11 
1	51421	1419	747	10907	5676	13.97 
1	51474	1419	749	10898	5673	13.82 
1	51526	1419	746	10907	5674	13.68 
1	51578	1419	749	10915	5682	13.68 
1	51631	1418	746	10914	5679	13.82 
1	51684	1418	749	10904	5676	14.04 
1	51736	1418	746	10894	5671	14.11 
1	51788	1418	746	10901	5674	14.04 
1	51841	1419	747	10900	5674	13.75 
1	51893	1417	745	10902	5674	13.61 
1	51946	1418	745	10899	5671	13.61 
1	51998	1417	746	10906	5674	13.82 
1	52050	1415	746	10901	5670	14.04 
1	52103	1414	744	10883	5664	14.11 
1	52155	1416	744	10904	5673	13.97 
1	52208	1416	746	10900	5668	13.75 
1	52260	1412	744	10900	5670	13.61 
1	52313	1413	744	10891	5674	13.61 
1	52365	1412	742	10892	5671	13.82 
1	52418	1412	744	10891	5670	14.11 
1	52470	1411	741	10894	5669	14.18 
1	52523	1411	742	10894	5671	14.04 
1	52575	1411	744	10897	5674	13.82 
1	52627	1411	743	10895	5671	13.61 
1	52680	1411	744	10901	5673	13.75 
1	52732	1411	742	10913	5680	13.97 
1	52785	1381	728	10898	5668	14.11 
1	52837	1360	716	10948	5694	14.18 
1	52890	1327	698	10937	5688	13.97 
1	52942	1286	677	10802	5632	13.75 
1	52995	1244	655	10737	5595	13.61 
1	53047	1211	636	10673	5566	13.75 
1	53099	1199	634	10644	5556	13.97 
1	53152	1186	623	10590	5534	14.04 
1	53204	1167	617	10577	5528	14.11 
1	53257	1155	608	10562	5518	13.89 
1	53309	1140	601	10529	5503	13.68 
1	53362	1126	593	10491	5478	13.61 
1	53414	1101	579	10406	5445	13.75 
1	53467	1070	564	10311	5404	13.97 
1	53519	1044	551	10343	5411	14.11 
1	53571	1038	549	10270	5382	14.04 
1	53624	1016	541	10261	5374	13.82 
1	53677	1011	534	10286	5386	13.68 
1	53729	1000	528	10241	5353	13.68 
1	53781	992	523	10208	5350	13.75 
1	53834	977	514	10221	5355	13.97 
1	53886	969	507	10197	5344	14.11 
1	53939	949	498	10193	5334	14.04 
1	53991	928	489	10151	5323	13.82 
1	54043	909	477	10078	5284	13.68 
1	54095	896	471	10022	5259	13.61 
1	54149	878	466	9954	5224	13.75 
1	54201	864	455	9911	5200	14.04 
1	54253	851	449	9868	5181	14.11 
1	54305	836	436	9819	5153	14.04 
1	54358	818	430	9677	5081	13.89 
1	54410	809	425	9495	4985	13.68 
1	54462	813	425	9412	4931	13.61 
1	54514	808	426	9316	4889	13.75 
1	54567	818	429	9262	4853	13.97 
1	54620	823	436	9234	4839	14.11 
1	54672	840	445	9230	4834	14.04 
1	54724	877	464	9449	4942	13.89 
1	54776	897	473	9598	5022	13.68 
1	54829	911	481	9618	5029	13.61 
1	54881	1019	539	9736	5088	13.75 
1	54934	1033	545	9940	5191	13.89 
1	54986	1003	526	10106	5273	14.04 
1	55038	991	524	9980	5209	14.04 
1	55091	973	515	9898	5171	13.89 
1	55143	960	508	9877	5170	13.68 
1	55195	949	500	9872	5169	13.61 
1	55247	938	496	9964	5211	13.61 
1	55301	911	481	9938	5200	13.89 
1	55353	900	474	9928	5199	14.04 
1	55405	875	464	9827	5147	14.04 
1	55457	861	454	9761	5114	13.89 
1	55510	846	447	9735	5108	13.68 
1	55562	829	441	9709	5085	13.54 
1	55614	810	431	9589	5023	13.61 
1	55666	802	421	9419	4936	13.75 
1	55719	780	410	9295	4868	13.97 
1	55772	763	401	9203	4817	14.04 
1	55824	757	399	9088	4755	13.89 
1	55876	757	399	8984	4695	13.68 
1	55928	759	399	8960	4683	13.54 
1	55981	728	385	8870	4637	13.47 
1	56033	715	376	8822	4612	13.68 
1	56085	718	378	8485	4439	13.89 
1	56138	718	379	8311	4347	13.97 
1	56190	727	382	8133	4253	13.89 
1	56243	736	386	8073	4218	13.68 
1	56295	725	384	8035	4195	13.47 
1	56347	715	377	8014	4184	13.47 
1	56399	708	374	7967	4160	13.68 
1	56452	701	373	7922	4129	13.82 
1	56504	684	361	7892	4117	13.97 
1	56557	654	344	7903	4121	13.89 
1	56609	635	333	7934	4132	13.68 
1	56662	616	324	7913	4126	13.54 
1	56714	595	312	7855	4096	13.47 
1	56766	576	303	7796	4061	13.61 
1	56818	566	302	7790	4057	13.82 
1	56870	555	291	7781	4053	14.04 
1	56923	535	281	7745	4038	13.97 
1	56976	524	273	7729	4026	13.82 
1	57028	497	261	7739	4031	13.61 
1	57080	491	256	7710	4011	13.54 
1	57133	480	250	7669	3993	13.61 
1	57185	462	240	7583	3947	13.82 
1	57237	445	234	7525	3926	14.04 
1	57289	431	227	7452	3890	14.04 
1	57341	419	219	7394	3857	13.89 
1	57395	409	217	7325	3827	13.68 
1	57447	399	212	7246	3784	13.54 
1	57499	392	208	7132	3724	13.61 
1	57551	384	202	7051	3677	13.82 
1	57604	377	203	7012	3656	13.97 
1	57656	371	195	6972	3637	14.04 
1	57708	368	195	6942	3622	13.89 
1	57760	364	191	6933	3614	13.68 
1	57814	360	189	6921	3607	13.54 
1	57866	354	185	6892	3589	13.61 
1	57918	348	185	6865	3576	13.75 
1	57970	342	182	6833	3560	13.82 
1	58022	335	178	6800	3542	13.97 
1	58075	326	174	6705	3499	13.82 
1	58127	305	161	6668	3471	13.68 
1	58179	297	154	6646	3463	13.54 
1	58232	289	151	6590	3434	13.68 
1	58285	281	147	6550	3413	13.82 
1	58337	273	143	6502	3385	14.04 
1	58389	266	141	6479	3375	14.18 
1	58441	261	138	6440	3361	14.11 
1	58493	259	137	6433	3356	13.97 
1	58546	257	136	6418	3345	13.89 
1	58598	255	135	6407	3341	13.89 
1	58651	255	132	6384	3327	14.04 
1	58703	255	135	6365	3317	14.25 
1	58756	255	135	6356	3311	14.32 
1	58808	256	136	6342	3308	14.25 
1	58860	257	136	6330	3304	14.11 
1	58912	258	136	6299	3282	13.97 
1	58964	258	137	6288	3275	13.89 
1	59017	260	136	6274	3271	13.97 
1	59070	261	137	6250	3253	14.18 
1	59122	266	139	6232	3252	14.32 
1	59174	266	138	6227	3246	14.25 
1	59227	266	140	6217	3233	14.11 
1	59279	266	141	6203	3230	13.89 
1	59331	266	138	6197	3231	13.82 
1	59383	266	140	6199	3232	13.89 
1	59436	266	140	6191	3226	14.04 
1	59489	267	140	6183	3220	14.18 
1	59541	267	141	6164	3213	14.25 
1	59593	269	140	6144	3201	14.11 
1	59645	270	142	6124	3193	13.89 
1	59698	270	142	6094	3175	13.75 
1	59750	271	142	6070	3169	13.82 
1	59802	272	143	6062	3161	14.04 
1	59854	273	143	6060	3158	14.18 
1	59908	273	144	6052	3149	14.25 
1	59960	273	143	6041	3145	14.11 
1	60012	273	144	6030	3147	13.82 
1	60064	274	143	6021	3138	13.75 
1	60116	274	144	6013	3134	13.75 
1	60169	274	142	6011	3133	13.89 
1	60221	274	145	5996	3124	14.11 
1	60273	274	144	5983	3121	14.18 
1	60326	275	145	5989	3124	14.11 
1	60379	274	145	6000	3127	13.82 
1	60431	275	144	5997	3124	13.68 
1	60483	275	144	5996	3123	13.61 
1	60535	274	142	5965	3108	13.89 
1	60588	274	145	5966	3107	14.04 
1	60640	275	144	5963	3101	14.18 
1	60692	275	143	5967	3106	14.04 
1	60745	276	145	5961	3105	13.89 
1	60797	276	146	5960	3104	13.68 
1	60850	277	145	5961	3104	13.61 
1	60902	277	146	5961	3102	13.82 
1	60954	282	147	5944	3097	14.04 
1	61006	354	188	5916	3080	14.04 
1	61059	491	261	5119	2661	13.82 
1	61112	595	313	4663	2420	13.47 
1	61164	680	355	4625	2403	13.19 
1	61216	730	384	5159	2680	13.04 
1	61268	825	436	6139	3189	13.11 
1	61321	1073	568	6796	3538	13.33 
1	61373	1278	675	8205	4273	13.47 
1	61425	1552	817	9391	4885	13.40 
1	61478	1565	825	9623	5008	13.19 
1	61531	1575	836	9758	5090	12.97 
1	61583	1580	836	9794	5108	12.90 
1	61635	1592	834	9769	5088	13.04 
1	61687	1597	845	9793	5101	13.26 
1	61740	1608	848	9819	5118	13.40 
1	61793	1611	852	9816	5126	13.33 
1	61845	1616	857	9811	5121	13.26 
1	61897	1624	857	9804	5118	13.11 
1	61949	1633	862	9820	5127	12.97 
1	62002	1644	868	9844	5141	13.11 
1	62054	1653	871	9843	5138	13.33 
1	62107	1662	877	9864	5151	13.54 
1	62159	1671	886	9880	5151	13.54 
1	62212	1688	891	9891	5157	13.40 
1	62264	1684	888	9899	5167	13.19 
1	62316	1668	881	9903	5166	13.11 
1	62369	1658	875	9903	5170	13.19 
1	62422	1657	878	9897	5164	13.40 
1	62474	1660	878	9900	5167	13.61 
1	62526	1660	877	9898	5165	13.61 
1	62578	1660	878	9918	5175	13.40 
1	62630	1665	878	9930	5180	13.19 
1	62684	1664	879	9943	5189	13.11 
1	62736	1665	879	9941	5190	13.33 
1	62788	1665	879	9942	5189	13.54 
1	62840	1672	882	9949	5196	13.68 
1	62893	1669	882	9946	5187	13.61 
1	62946	1659	878	9948	5191	13.33 
1	62998	1645	869	9924	5181	13.19 
1	63050	1640	867	9944	5192	13.11 
1	63102	1641	866	9932	5185	13.19 
1	63155	1640	866	9950	5189	13.54 
1	63207	1635	863	9955	5193	13.68 
1	63260	1631	861	9967	5206	13.68 
1	63312	1626	858	9971	5205	13.47 
1	63365	1594	843	9973	5203	13.19 
1	63417	1583	836	9976	5204	13.19 
1	63469	1574	829	9978	5204	13.26 
1	63522	1573	830	9985	5207	13.54 
1	63575	1569	829	9980	5209	13.68 
1	63627	1567	827	9983	5205	13.68 
1	63679	1567	826	9986	5207	13.54 
1	63731	1571	827	9983	5208	13.26 
1	63783	1570	827	9999	5214	13.19 
1	63837	1570	828	10002	5225	13.26 
1	63889	1572	826	10007	5224	13.47 
1	63941	1569	829	10008	5220	13.61 
1	63993	1575	830	10018	5223	13.61 
1	64046	1576	835	10019	5226	13.54 
1	64099	1579	831	10029	5229	13.33 
1	64151	1580	835	10028	5230	13.33 
1	64203	1583	834	10029	5236	13.47 
1	64256	1582	836	10036	5240	13.75 
1	64309	1586	836	10048	5243	13.82 
1	64361	1613	848	10074	5252	13.75 
1	64413	1616	858	10081	5259	13.54 
1	64465	1621	856	10080	5254	13.47 
1	64518	1623	857	10080	5255	13.40 
1	64571	1622	857	10080	5253	13.54 
1	64623	1623	858	10079	5255	13.75 
1	64675	1624	859	10092	5258	13.82 
1	64728	1626	858	10075	5256	13.75 
1	64781	1627	858	10074	5257	13.61 
1	64833	1632	858	10086	5259	13.33 
1	64885	1628	859	10089	5261	13.33 
1	64937	1626	860	10092	5261	13.47 
1	64990	1628	860	10081	5256	13.68 
1	65043	1629	860	10066	5249	13.82 
1	65095	1643	867	10069	5252	13.75 
1	65147	1659	878	10095	5258	13.54 
1	65200	1692	890	10135	5277	13.40 
1	65253	1722	909	10165	5294	13.33 
1	65305	1751	918	10191	5301	13.47 
1	65357	1761	929	10211	5318	13.68 
1	65410	1767	933	10205	5313	13.75 
1	65462	1775	935	10200	5310	13.68 
1	65515	1785	939	10233	5327	13.47 
1	65567	1812	954	10254	5332	13.26 
1	65619	1810	955	10258	5335	13.26 
1	65672	1807	950	10269	5345	13.40 
1	65725	1788	945	10263	5338	13.61 
1	65777	1788	946	10263	5338	13.68 
1	65829	1792	943	10283	5348	13.61 
1	65882	1793	942	10293	5353	13.33 
1	65934	1789	945	10289	5355	13.26 
1	65987	1788	945	10283	5353	13.26 
1	66039	1776	939	10275	5352	13.47 
1	66092	1772	933	10272	5347	13.68 
1	66144	1771	934	10255	5336	13.75 
1	66197	1780	935	10252	5338	13.61 
1	66249	1782	942	10246	5332	13.33 
1	66301	1796	948	10252	5335	13.26 
1	66354	1804	951	10241	5324	13.26 
1	66406	1800	953	10248	5331	13.47 
1	66459	1799	950	10240	5335	13.68 
1	66511	1799	948	10237	5324	13.68 
1	66564	1798	948	10238	5324	13.54 
1	66616	1795	945	10234	5322	13.26 
1	66669	1794	947	10241	5326	13.11 
1	66721	1798	946	10228	5320	13.26 
1	66774	1798	949	10244	5328	13.47 
1	66826	1798	950	10237	5328	13.61 
1	66878	1799	951	10231	5326	13.61 
1	66931	1800	955	10225	5321	13.47 
1	66983	1799	952	10231	5328	13.19 
1	67036	1800	955	10216	5316	13.19 
1	67088	1797	948	10202	5308	13.26 
1	67141	1799	950	10220	5317	13.54 
1	67193	1802	953	10234	5323	13.68 
1	67246	1803	952	10233	5324	13.61 
1	67298	1803	952	10237	5325	13.40 
1	67350	1802	953	10235	5324	13.26 
1	67403	1801	954	10233	5323	13.11 
1	67456	1801	954	10246	5330	13.33 
1	67508	1803	953	10257	5337	13.54 
1	67560	1803	952	10242	5328	13.68 
1	67613	1805	952	10246	5333	13.61 
1	67665	1803	952	10254	5333	13.40 
1	67718	1805	953	10249	5337	13.26 
1	67770	1804	953	10247	5331	13.19 
1	67822	1805	952	10244	5328	13.33 
1	67875	1805	953	10250	5330	13.54 
1	67928	1807	951	10251	5335	13.68 
1	67980	1805	952	10252	5339	13.54 
1	68032	1806	951	10252	5337	13.33 
1	68085	1806	951	10240	5322	13.19 
1	68137	1802	953	10223	5318	13.19 
1	68190	1806	953	10244	5330	13.33 
1	68242	1806	954	10246	5329	13.61 
1	68294	1809	952	10250	5329	13.68 
1	68347	1806	954	10258	5334	13.61 
1	68400	1809	955	10259	5334	13.40 
1	68452	1808	952	10243	5330	13.19 
1	68504	1809	952	10251	5334	13.19 
1	68557	1812	954	10257	5338	13.40 
1	68610	1813	958	10263	5339	13.61 
1	68662	1817	958	10265	5339	13.68 
1	68714	1818	960	10282	5350	13.61 
1	68766	1823	960	10281	5343	13.40 
1	68819	1822	964	10283	5349	13.26 
1	68872	1824	962	10294	5357	13.26 
1	68924	1825	961	10295	5352	13.47 
1	68976	1825	961	10301	5361	13.68 
1	69029	1824	962	10287	5352	13.75 
1	69082	1827	959	10289	5350	13.61 
1	69134	1827	959	10296	5353	13.40 
1	69186	1820	959	10289	5352	13.26 
1	69238	1820	964	10287	5355	13.33 
1	69292	1820	963	10291	5353	13.47 
1	69344	1820	964	10295	5359	13.61 
1	69396	1822	961	10299	5353	13.75 
1	69448	1820	963	10304	5355	13.61 
1	69501	1820	963	10310	5357	13.33 
1	69554	1815	960	10317	5368	13.26 
1	69606	1803	952	10313	5365	13.33 
1	69658	1792	944	10314	5365	13.54 
1	69710	1781	940	10307	5362	13.68 
1	69764	1775	927	10300	5360	13.68 
1	69816	1773	933	10297	5355	13.54 
1	69868	1781	941	10317	5369	13.33 
1	69920	1778	938	10320	5370	13.11 
1	69974	1784	940	10334	5376	13.26 
1	70026	1779	936	10324	5373	13.47 
1	70078	1770	937	10331	5374	13.68 
1	70130	1767	935	10330	5374	13.68 
1	70182	1766	930	10329	5370	13.61 
1	70236	1761	928	10336	5378	13.33 
1	70288	1758	923	10338	5377	13.26 
1	70340	1755	924	10336	5378	13.40 
1	70392	1751	924	10340	5378	13.61 
1	70446	1753	921	10345	5383	13.75 
1	70498	1754	919	10345	5388	13.75 
1	70550	1750	920	10338	5384	13.61 
1	70602	1748	922	10326	5371	13.40 
1	70654	1750	918	10333	5376	13.26 
1	70708	1747	921	10339	5378	13.40 
1	70760	1744	923	10345	5383	13.61 
1	70812	1746	919	10350	5384	13.82 
1	70864	1745	920	10345	5385	13.75 
1	70918	1745	918	10346	5384	13.54 
1	70970	1745	919	10341	5386	13.33 
1	71022	1746	918	10330	5374	13.26 
1	71074	1744	919	10336	5380	13.40 
1	71127	1741	921	10330	5373	13.61 
1	71180	1741	921	10326	5374	13.82 
1	71232	1741	921	10323	5371	13.75 
1	71284	1742	922	10335	5377	13.61 
1	71336	1743	921	10336	5379	13.40 
1	71390	1741	921	10345	5381	13.26 
1	71442	1742	920	10346	5381	13.40 
1	71494	1741	919	10338	5377	13.75 
1	71546	1741	921	10343	5378	13.89 
1	71599	1740	916	10330	5376	13.89 
1	71652	1741	919	10337	5380	13.61 
1	71704	1740	919	10340	5379	13.54 
1	71756	1740	918	10345	5381	13.40 
1	71809	1741	921	10363	5390	13.47 
1	71862	1739	916	10350	5387	13.68 
1	71914	1741	919	10361	5391	13.89 
1	71966	1740	919	10355	5385	13.89 
1	72018	1740	919	10358	5387	13.61 
1	72071	1739	919	10343	5383	13.47 
1	72124	1740	919	10349	5380	13.26 
1	72176	1740	918	10347	5385	13.40 
1	72228	1739	921	10346	5378	13.68 
1	72281	1740	919	10345	5387	13.82 
1	72334	1739	915	10341	5385	13.82 
1	72386	1739	915	10348	5387	13.61 
1	74347	1728	910	10366	5397	13.75 
1	74399	1726	909	10371	5392	13.97 
1	74451	1725	910	10380	5399	13.82 
1	74504	1722	909	10378	5393	13.61 
1	74557	1721	910	10361	5388	13.40 
1	74609	1724	908	10380	5398	13.40 
1	74661	1725	908	10380	5401	13.61 
1	74714	1725	906	10383	5397	13.82 
1	74766	1723	908	10385	5403	13.89 
1	74819	1722	909	10387	5403	13.75 
1	74871	1720	911	10368	5392	13.54 
1	74924	1720	909	10372	5392	13.40 
1	74976	1721	910	10366	5394	13.47 
1	75028	1720	910	10366	5392	13.68 
1	75081	1723	906	10369	5391	13.82 
1	75133	1719	909	10367	5391	13.89 
1	75186	1723	908	10365	5390	13.75 
1	75238	1720	906	10359	5389	13.54 
1	75291	1715	906	10344	5381	13.40 
1	75343	1720	903	10370	5391	13.40 
1	75396	1721	903	10375	5396	13.68 
1	75448	1721	904	10379	5393	13.89 
1	75521	1716	908	10370	5394	13.89 
OFF-------
Turn OFF Data Collection
Collect Data: Turn Off
